-3.000000	-0.005060	4685468.127740
-2.950000	-0.006069	-212756.277197
-2.900000	-0.007009	11116.146858
-2.850000	-0.007728	-28914.481232
-2.800000	-0.008014	757.309065
-2.750000	-0.007579	-5496.692840
-2.700000	-0.006057	-153.078349
-2.650000	-0.003001	46.526970
-2.600000	0.002114	-2.908315
-2.550000	0.009877	-5.842232
-2.500000	0.020911	-0.231284
-2.450000	0.035836	0.223075
-2.400000	0.055209	0.036894
-2.350000	0.079455	0.101582
-2.300000	0.108781	0.072414
-2.250000	0.143078	0.095973
-2.200000	0.181828	0.134555
-2.150000	0.224001	0.185032
-2.100000	0.267984	0.176159
-2.050000	0.311524	0.349787
-2.000000	0.351723	0.336151
-1.950000	0.385075	0.396034
-1.900000	0.407578	0.410414
-1.850000	0.414913	0.415002
-1.800000	0.402684	0.402240
-1.750000	0.366743	0.366832
-1.700000	0.303545	0.303536
-1.650000	0.210544	0.210545
-1.600000	0.086580	0.086580
-1.550000	-0.067775	-0.067775
-1.500000	-0.249949	-0.249949
-1.450000	-0.455228	-0.455228
-1.400000	-0.676762	-0.676762
-1.350000	-0.905759	-0.905759
-1.300000	-1.131866	-1.131866
-1.250000	-1.343739	-1.343739
-1.200000	-1.529762	-1.529762
-1.150000	-1.678886	-1.678886
-1.100000	-1.781506	-1.781506
-1.050000	-1.830306	-1.830306
-1.000000	-1.820989	-1.820989
-0.950000	-1.752813	-1.752813
-0.900000	-1.628844	-1.628844
-0.850000	-1.455916	-1.455916
-0.800000	-1.244231	-1.244231
-0.750000	-1.006657	-1.006657
-0.700000	-0.757741	-0.757741
-0.650000	-0.512532	-0.512532
-0.600000	-0.285324	-0.285324
-0.550000	-0.088433	-0.088433
-0.500000	0.068863	0.068863
-0.450000	0.181096	0.181096
-0.400000	0.247025	0.247025
-0.350000	0.269625	0.269625
-0.300000	0.255649	0.255649
-0.250000	0.214799	0.214799
-0.200000	0.158595	0.158595
-0.150000	0.099046	0.099046
-0.100000	0.047292	0.047292
-0.050000	0.012329	0.012329
-0.000000	0.000000	0.000000
0.050000	0.012329	0.012329
0.100000	0.047292	0.047292
0.150000	0.099046	0.099046
0.200000	0.158595	0.158595
0.250000	0.214799	0.214799
0.300000	0.255649	0.255649
0.350000	0.269625	0.269625
0.400000	0.247025	0.247025
0.450000	0.181096	0.181096
0.500000	0.068863	0.068863
0.550000	-0.088433	-0.088433
0.600000	-0.285324	-0.285324
0.650000	-0.512532	-0.512532
0.700000	-0.757741	-0.757741
0.750000	-1.006657	-1.006657
0.800000	-1.244231	-1.244231
0.850000	-1.455916	-1.455916
0.900000	-1.628844	-1.628844
0.950000	-1.752813	-1.752813
1.000000	-1.820989	-1.820989
1.050000	-1.830306	-1.830306
1.100000	-1.781506	-1.781506
1.150000	-1.678886	-1.678886
1.200000	-1.529762	-1.529762
1.250000	-1.343739	-1.343739
1.300000	-1.131866	-1.131866
1.350000	-0.905759	-0.905759
1.400000	-0.676762	-0.676762
1.450000	-0.455228	-0.455228
1.500000	-0.249949	-0.249949
1.550000	-0.067775	-0.067775
1.600000	0.086580	0.086580
1.650000	0.210544	0.210544
1.700000	0.303545	0.303545
1.750000	0.366743	0.366743
1.800000	0.402684	0.402684
1.850000	0.414913	0.414913
1.900000	0.407578	0.407578
1.950000	0.385075	0.385075
2.000000	0.351723	0.351723
2.050000	0.311524	0.311524
2.100000	0.267984	0.267984
2.150000	0.224001	0.224001
2.200000	0.181828	0.181828
2.250000	0.143078	0.143078
2.300000	0.108781	0.108781
2.350000	0.079455	0.079451
2.400000	0.055209	0.055407
2.450000	0.035836	0.035282
2.500000	0.020911	0.040809
2.550000	0.009877	-0.359661
2.600000	0.002114	-1.764040
2.650000	-0.003001	0.699086
2.700000	-0.006057	-9.656424
2.750000	-0.007579	-11.115669
2.800000	-0.008014	4.290800
2.850000	-0.007728	1301.994273
2.900000	-0.007009	-10056.940891
2.950000	-0.006069	8720.583757
3.000000	-0.005060	335192.761941


1.633968	0.174178
-0.813132	-1.302898
-2.942582	-0.006215
-0.115991	0.062393
1.876462	0.413191
-2.041377	0.318786
-2.400188	0.055127
-1.276485	-1.233996
2.299710	0.108966
2.429029	0.043391
-1.898845	0.407936
-0.958696	-1.768813
0.783827	-1.169539
1.830555	0.412719
-0.546671	-0.076647
-1.312280	-1.077207
2.250903	0.142417
-0.114882	0.061295
-0.643576	-0.482049
-0.886593	-1.586911
-2.471275	0.028972
1.255607	-1.321053
-2.263838	0.133110
2.271256	0.127913
2.793511	-0.008005
-0.006144	0.000189
1.635874	0.178670
-0.003295	0.000054
-2.692129	-0.005690
-1.354598	-0.884655
-2.317193	0.098123
-0.286949	0.247133
2.730868	-0.007147
-0.910414	-1.658983
0.732281	-0.918965
0.272918	0.236151
2.316396	0.098604
1.354577	-0.884751
2.193832	0.186872
-0.368330	0.266017
-1.337162	-0.964531
2.028267	0.329601
-1.138014	-1.708043
1.329542	-0.999253
-0.349982	0.269626
-2.585763	0.004028
1.960468	0.378850
0.430302	0.212523
-0.569556	-0.161159
1.816644	0.409192
-0.710519	-0.810303
-2.895740	-0.007081
0.635197	-0.442786
-1.082714	-1.804751
-0.471798	0.137886
0.811186	-1.294328
0.456354	0.169417
-1.585506	0.044891
2.066334	0.297514
2.939626	-0.006273
0.000000	0.000000
