0  0  0.00061274
0  0.025  0.000611561
0  0.05  0.000608037
0  0.075  0.00060221
0  0.1  0.000594145
0  0.125  0.000583936
0  0.15  0.000571696
0  0.175  0.000557563
0  0.2  0.000541691
0  0.225  0.000524252
0  0.25  0.000505428
0  0.275  0.000485414
0  0.3  0.000464408
0  0.325  0.000442614
0  0.35  0.000420234
0  0.375  0.000397471
0  0.4  0.000374517
0  0.425  0.000351561
0  0.45  0.000328778
0  0.475  0.000306334
0  0.5  0.000284379
0  0.525  0.000263051
0  0.55  0.000242472
0  0.575  0.000222747
0  0.6  0.000203968
0  0.625  0.000186211
0  0.65  0.000169538
0  0.675  0.000153996
0  0.7  0.000139623
0  0.725  0.000126444
0  0.75  0.000114474
0  0.775  0.000103723
0  0.8  9.41911e-05
0  0.825  8.58767e-05
0  0.85  7.87731e-05
0  0.875  7.28721e-05
0  0.9  6.8165e-05
0  0.925  6.46433e-05
0  0.95  6.22998e-05
0  0.975  6.11294e-05

0.025  0  0.000611561
0.025  0.025  0.000610384
0.025  0.05  0.000606867
0.025  0.075  0.000601051
0.025  0.1  0.000593002
0.025  0.125  0.000582812
0.025  0.15  0.000570596
0.025  0.175  0.00055649
0.025  0.2  0.000540649
0.025  0.225  0.000523243
0.025  0.25  0.000504456
0.025  0.275  0.000484479
0.025  0.3  0.000463514
0.025  0.325  0.000441762
0.025  0.35  0.000419426
0.025  0.375  0.000396706
0.025  0.4  0.000373797
0.025  0.425  0.000350884
0.025  0.45  0.000328145
0.025  0.475  0.000305744
0.025  0.5  0.000283832
0.025  0.525  0.000262545
0.025  0.55  0.000242005
0.025  0.575  0.000222319
0.025  0.6  0.000203576
0.025  0.625  0.000185853
0.025  0.65  0.000169211
0.025  0.675  0.0001537
0.025  0.7  0.000139354
0.025  0.725  0.0001262
0.025  0.75  0.000114254
0.025  0.775  0.000103523
0.025  0.8  9.40099e-05
0.025  0.825  8.57114e-05
0.025  0.85  7.86215e-05
0.025  0.875  7.27319e-05
0.025  0.9  6.80338e-05
0.025  0.925  6.45189e-05
0.025  0.95  6.21799e-05
0.025  0.975  6.10118e-05

0.05  0  0.000608037
0.05  0.025  0.000606867
0.05  0.05  0.000603371
0.05  0.075  0.000597588
0.05  0.1  0.000589585
0.05  0.125  0.000579454
0.05  0.15  0.000567308
0.05  0.175  0.000553284
0.05  0.2  0.000537534
0.05  0.225  0.000520228
0.05  0.25  0.000501549
0.05  0.275  0.000481688
0.05  0.3  0.000460843
0.05  0.325  0.000439216
0.05  0.35  0.000417009
0.05  0.375  0.00039442
0.05  0.4  0.000371643
0.05  0.425  0.000348862
0.05  0.45  0.000326255
0.05  0.475  0.000303983
0.05  0.5  0.000282197
0.05  0.525  0.000261032
0.05  0.55  0.000240611
0.05  0.575  0.000221038
0.05  0.6  0.000202403
0.05  0.625  0.000184782
0.05  0.65  0.000168236
0.05  0.675  0.000152814
0.05  0.7  0.000138551
0.05  0.725  0.000125473
0.05  0.75  0.000113595
0.05  0.775  0.000102927
0.05  0.8  9.34682e-05
0.05  0.825  8.52176e-05
0.05  0.85  7.81685e-05
0.05  0.875  7.23128e-05
0.05  0.9  6.76418e-05
0.05  0.925  6.41471e-05
0.05  0.95  6.18216e-05
0.05  0.975  6.06602e-05

0.075  0  0.00060221
0.075  0.025  0.000601051
0.075  0.05  0.000597588
0.075  0.075  0.00059186
0.075  0.1  0.000583934
0.075  0.125  0.0005739
0.075  0.15  0.000561871
0.075  0.175  0.000547981
0.075  0.2  0.000532382
0.075  0.225  0.000515242
0.075  0.25  0.000496742
0.075  0.275  0.000477071
0.075  0.3  0.000456426
0.075  0.325  0.000435007
0.075  0.35  0.000413012
0.075  0.375  0.00039064
0.075  0.4  0.000368081
0.075  0.425  0.000345519
0.075  0.45  0.000323128
0.075  0.475  0.000301069
0.075  0.5  0.000279492
0.075  0.525  0.000258531
0.075  0.55  0.000238305
0.075  0.575  0.000218919
0.075  0.6  0.000200463
0.075  0.625  0.000183011
0.075  0.65  0.000166624
0.075  0.675  0.000151349
0.075  0.7  0.000137223
0.075  0.725  0.00012427
0.075  0.75  0.000112507
0.075  0.775  0.00010194
0.075  0.8  9.25724e-05
0.075  0.825  8.44008e-05
0.075  0.85  7.74193e-05
0.075  0.875  7.16197e-05
0.075  0.9  6.69935e-05
0.075  0.925  6.35323e-05
0.075  0.95  6.12291e-05
0.075  0.975  6.00788e-05

0.1  0  0.000594145
0.1  0.025  0.000593002
0.1  0.05  0.000589585
0.1  0.075  0.000583934
0.1  0.1  0.000576115
0.1  0.125  0.000566215
0.1  0.15  0.000554347
0.1  0.175  0.000540643
0.1  0.2  0.000525253
0.1  0.225  0.000508342
0.1  0.25  0.00049009
0.1  0.275  0.000470683
0.1  0.3  0.000450314
0.1  0.325  0.000429181
0.1  0.35  0.000407481
0.1  0.375  0.000385409
0.1  0.4  0.000363152
0.1  0.425  0.000340892
0.1  0.45  0.0003188
0.1  0.475  0.000297037
0.1  0.5  0.000275749
0.1  0.525  0.000255068
0.1  0.55  0.000235114
0.1  0.575  0.000215987
0.1  0.6  0.000197778
0.1  0.625  0.00018056
0.1  0.65  0.000164393
0.1  0.675  0.000149323
0.1  0.7  0.000135386
0.1  0.725  0.000122606
0.1  0.75  0.000111
0.1  0.775  0.000100575
0.1  0.8  9.13327e-05
0.1  0.825  8.32705e-05
0.1  0.85  7.63825e-05
0.1  0.875  7.06606e-05
0.1  0.9  6.60964e-05
0.1  0.925  6.26815e-05
0.1  0.95  6.04092e-05
0.1  0.975  5.92743e-05

0.125  0  0.000583936
0.125  0.025  0.000582812
0.125  0.05  0.000579454
0.125  0.075  0.0005739
0.125  0.1  0.000566215
0.125  0.125  0.000556485
0.125  0.15  0.000544821
0.125  0.175  0.000531352
0.125  0.2  0.000516227
0.125  0.225  0.000499607
0.125  0.25  0.000481668
0.125  0.275  0.000462594
0.125  0.3  0.000442576
0.125  0.325  0.000421806
0.125  0.35  0.000400479
0.125  0.375  0.000378786
0.125  0.4  0.000356911
0.125  0.425  0.000335034
0.125  0.45  0.000313322
0.125  0.475  0.000291933
0.125  0.5  0.000271011
0.125  0.525  0.000250685
0.125  0.55  0.000231073
0.125  0.575  0.000212276
0.125  0.6  0.00019438
0.125  0.625  0.000177457
0.125  0.65  0.000161568
0.125  0.675  0.000146757
0.125  0.7  0.000133059
0.125  0.725  0.000120499
0.125  0.75  0.000109093
0.125  0.775  9.88466e-05
0.125  0.8  8.97632e-05
0.125  0.825  8.18396e-05
0.125  0.85  7.507e-05
0.125  0.875  6.94464e-05
0.125  0.9  6.49606e-05
0.125  0.925  6.16044e-05
0.125  0.95  5.93711e-05
0.125  0.975  5.82557e-05

0.15  0  0.000571696
0.15  0.025  0.000570596
0.15  0.05  0.000567308
0.15  0.075  0.000561871
0.15  0.1  0.000554347
0.15  0.125  0.000544821
0.15  0.15  0.000533401
0.15  0.175  0.000520215
0.15  0.2  0.000505407
0.15  0.225  0.000489135
0.15  0.25  0.000471572
0.15  0.275  0.000452898
0.15  0.3  0.0004333
0.15  0.325  0.000412965
0.15  0.35  0.000392085
0.15  0.375  0.000370846
0.15  0.4  0.00034943
0.15  0.425  0.000328012
0.15  0.45  0.000306755
0.15  0.475  0.000285814
0.15  0.5  0.00026533
0.15  0.525  0.000245431
0.15  0.55  0.00022623
0.15  0.575  0.000207827
0.15  0.6  0.000190306
0.15  0.625  0.000173738
0.15  0.65  0.000158181
0.15  0.675  0.000143681
0.15  0.7  0.00013027
0.15  0.725  0.000117974
0.15  0.75  0.000106806
0.15  0.775  9.67748e-05
0.15  0.8  8.78818e-05
0.15  0.825  8.01243e-05
0.15  0.85  7.34965e-05
0.15  0.875  6.79908e-05
0.15  0.9  6.3599e-05
0.15  0.925  6.03132e-05
0.15  0.95  5.81267e-05
0.15  0.975  5.70347e-05

0.175  0  0.000557563
0.175  0.025  0.00055649
0.175  0.05  0.000553284
0.175  0.075  0.000547981
0.175  0.1  0.000540643
0.175  0.125  0.000531352
0.175  0.15  0.000520215
0.175  0.175  0.000507355
0.175  0.2  0.000492912
0.175  0.225  0.000477043
0.175  0.25  0.000459915
0.175  0.275  0.000441702
0.175  0.3  0.000422588
0.175  0.325  0.000402756
0.175  0.35  0.000382392
0.175  0.375  0.000361679
0.175  0.4  0.000340792
0.175  0.425  0.000319903
0.175  0.45  0.000299172
0.175  0.475  0.000278748
0.175  0.5  0.000258771
0.175  0.525  0.000239364
0.175  0.55  0.000220637
0.175  0.575  0.000202689
0.175  0.6  0.000185601
0.175  0.625  0.000169443
0.175  0.65  0.000154271
0.175  0.675  0.000140129
0.175  0.7  0.00012705
0.175  0.725  0.000115057
0.175  0.75  0.000104166
0.175  0.775  9.43824e-05
0.175  0.8  8.57092e-05
0.175  0.825  7.81435e-05
0.175  0.85  7.16795e-05
0.175  0.875  6.631e-05
0.175  0.9  6.20267e-05
0.175  0.925  5.88222e-05
0.175  0.95  5.66897e-05
0.175  0.975  5.56247e-05

0.2  0  0.000541691
0.2  0.025  0.000540649
0.2  0.05  0.000537534
0.2  0.075  0.000532382
0.2  0.1  0.000525253
0.2  0.125  0.000516227
0.2  0.15  0.000505407
0.2  0.175  0.000492912
0.2  0.2  0.000478881
0.2  0.225  0.000463464
0.2  0.25  0.000446823
0.2  0.275  0.000429129
0.2  0.3  0.000410558
0.2  0.325  0.000391291
0.2  0.35  0.000371507
0.2  0.375  0.000351383
0.2  0.4  0.000331091
0.2  0.425  0.000310796
0.2  0.45  0.000290655
0.2  0.475  0.000270814
0.2  0.5  0.000251405
0.2  0.525  0.00023255
0.2  0.55  0.000214357
0.2  0.575  0.000196919
0.2  0.6  0.000180318
0.2  0.625  0.000164619
0.2  0.65  0.000149879
0.2  0.675  0.00013614
0.2  0.7  0.000123433
0.2  0.725  0.000111782
0.2  0.75  0.0001012
0.2  0.775  9.16957e-05
0.2  0.8  8.32694e-05
0.2  0.825  7.5919e-05
0.2  0.85  6.96391e-05
0.2  0.875  6.44224e-05
0.2  0.9  6.02611e-05
0.2  0.925  5.71477e-05
0.2  0.95  5.5076e-05
0.2  0.975  5.40413e-05

0.225  0  0.000524252
0.225  0.025  0.000523243
0.225  0.05  0.000520228
0.225  0.075  0.000515242
0.225  0.1  0.000508342
0.225  0.125  0.000499607
0.225  0.15  0.000489135
0.225  0.175  0.000477043
0.225  0.2  0.000463464
0.225  0.225  0.000448543
0.225  0.25  0.000432437
0.225  0.275  0.000415313
0.225  0.3  0.000397341
0.225  0.325  0.000378694
0.225  0.35  0.000359547
0.225  0.375  0.00034007
0.225  0.4  0.000320432
0.225  0.425  0.00030079
0.225  0.45  0.000281298
0.225  0.475  0.000262095
0.225  0.5  0.000243311
0.225  0.525  0.000225063
0.225  0.55  0.000207456
0.225  0.575  0.000190579
0.225  0.6  0.000174512
0.225  0.625  0.00015932
0.225  0.65  0.000145054
0.225  0.675  0.000131757
0.225  0.7  0.000119459
0.225  0.725  0.000108183
0.225  0.75  9.79424e-05
0.225  0.775  8.87436e-05
0.225  0.8  8.05886e-05
0.225  0.825  7.34749e-05
0.225  0.85  6.73971e-05
0.225  0.875  6.23483e-05
0.225  0.9  5.8321e-05
0.225  0.925  5.53079e-05
0.225  0.95  5.33028e-05
0.225  0.975  5.23015e-05

0.25  0  0.000505428
0.25  0.025  0.000504456
0.25  0.05  0.000501549
0.25  0.075  0.000496742
0.25  0.1  0.00049009
0.25  0.125  0.000481668
0.25  0.15  0.000471572
0.25  0.175  0.000459915
0.25  0.2  0.000446823
0.25  0.225  0.000432437
0.25  0.25  0.00041691
0.25  0.275  0.000400401
0.25  0.3  0.000383074
0.25  0.325  0.000365097
0.25  0.35  0.000346637
0.25  0.375  0.00032786
0.25  0.4  0.000308926
0.25  0.425  0.00028999
0.25  0.45  0.000271198
0.25  0.475  0.000252684
0.25  0.5  0.000234575
0.25  0.525  0.000216982
0.25  0.55  0.000200007
0.25  0.575  0.000183736
0.25  0.6  0.000168246
0.25  0.625  0.000153599
0.25  0.65  0.000139846
0.25  0.675  0.000127026
0.25  0.7  0.00011517
0.25  0.725  0.000104299
0.25  0.75  9.44256e-05
0.25  0.775  8.55572e-05
0.25  0.8  7.7695e-05
0.25  0.825  7.08367e-05
0.25  0.85  6.49772e-05
0.25  0.875  6.01097e-05
0.25  0.9  5.62269e-05
0.25  0.925  5.3322e-05
0.25  0.95  5.13889e-05
0.25  0.975  5.04235e-05

0.275  0  0.000485414
0.275  0.025  0.000484479
0.275  0.05  0.000481688
0.275  0.075  0.000477071
0.275  0.1  0.000470683
0.275  0.125  0.000462594
0.275  0.15  0.000452898
0.275  0.175  0.000441702
0.275  0.2  0.000429129
0.275  0.225  0.000415313
0.275  0.25  0.000400401
0.275  0.275  0.000384545
0.275  0.3  0.000367904
0.275  0.325  0.000350639
0.275  0.35  0.00033291
0.275  0.375  0.000314877
0.275  0.4  0.000296693
0.275  0.425  0.000278507
0.275  0.45  0.000260458
0.275  0.475  0.000242678
0.275  0.5  0.000225286
0.275  0.525  0.00020839
0.275  0.55  0.000192087
0.275  0.575  0.000176461
0.275  0.6  0.000161584
0.275  0.625  0.000147517
0.275  0.65  0.000134308
0.275  0.675  0.000121996
0.275  0.7  0.000110609
0.275  0.725  0.000100169
0.275  0.75  9.06864e-05
0.275  0.775  8.21691e-05
0.275  0.8  7.46183e-05
0.275  0.825  6.80316e-05
0.275  0.85  6.24041e-05
0.275  0.875  5.77294e-05
0.275  0.9  5.40004e-05
0.275  0.925  5.12105e-05
0.275  0.95  4.9354e-05
0.275  0.975  4.84268e-05

0.3  0  0.000464408
0.3  0.025  0.000463514
0.3  0.05  0.000460843
0.3  0.075  0.000456426
0.3  0.1  0.000450314
0.3  0.125  0.000442576
0.3  0.15  0.0004333
0.3  0.175  0.000422588
0.3  0.2  0.000410558
0.3  0.225  0.000397341
0.3  0.25  0.000383074
0.3  0.275  0.000367904
0.3  0.3  0.000351983
0.3  0.325  0.000335465
0.3  0.35  0.000318504
0.3  0.375  0.000301251
0.3  0.4  0.000283854
0.3  0.425  0.000266455
0.3  0.45  0.000249187
0.3  0.475  0.000232176
0.3  0.5  0.000215536
0.3  0.525  0.000199372
0.3  0.55  0.000183774
0.3  0.575  0.000168824
0.3  0.6  0.000154591
0.3  0.625  0.000141133
0.3  0.65  0.000128496
0.3  0.675  0.000116717
0.3  0.7  0.000105823
0.3  0.725  9.5834e-05
0.3  0.75  8.6762e-05
0.3  0.775  7.86133e-05
0.3  0.8  7.13892e-05
0.3  0.825  6.50876e-05
0.3  0.85  5.97036e-05
0.3  0.875  5.52312e-05
0.3  0.9  5.16635e-05
0.3  0.925  4.89944e-05
0.3  0.95  4.72182e-05
0.3  0.975  4.63311e-05

0.325  0  0.000442614
0.325  0.025  0.000441762
0.325  0.05  0.000439216
0.325  0.075  0.000435007
0.325  0.1  0.000429181
0.325  0.125  0.000421806
0.325  0.15  0.000412965
0.325  0.175  0.000402756
0.325  0.2  0.000391291
0.325  0.225  0.000378694
0.325  0.25  0.000365097
0.325  0.275  0.000350639
0.325  0.3  0.000335465
0.325  0.325  0.000319722
0.325  0.35  0.000303557
0.325  0.375  0.000287113
0.325  0.4  0.000270533
0.325  0.425  0.00025395
0.325  0.45  0.000237493
0.325  0.475  0.00022128
0.325  0.5  0.000205422
0.325  0.525  0.000190015
0.325  0.55  0.00017515
0.325  0.575  0.000160902
0.325  0.6  0.000147337
0.325  0.625  0.00013451
0.325  0.65  0.000122466
0.325  0.675  0.000111239
0.325  0.7  0.000100857
0.325  0.725  9.13366e-05
0.325  0.75  8.26904e-05
0.325  0.775  7.49241e-05
0.325  0.8  6.8039e-05
0.325  0.825  6.20331e-05
0.325  0.85  5.69018e-05
0.325  0.875  5.26392e-05
0.325  0.9  4.9239e-05
0.325  0.925  4.66951e-05
0.325  0.95  4.50023e-05
0.325  0.975  4.41569e-05

0.35  0  0.000420234
0.35  0.025  0.000419426
0.35  0.05  0.000417009
0.35  0.075  0.000413012
0.35  0.1  0.000407481
0.35  0.125  0.000400479
0.35  0.15  0.000392085
0.35  0.175  0.000382392
0.35  0.2  0.000371507
0.35  0.225  0.000359547
0.35  0.25  0.000346637
0.35  0.275  0.00033291
0.35  0.3  0.000318504
0.35  0.325  0.000303557
0.35  0.35  0.000288209
0.35  0.375  0.000272597
0.35  0.4  0.000256854
0.35  0.425  0.00024111
0.35  0.45  0.000225485
0.35  0.475  0.000210092
0.35  0.5  0.000195035
0.35  0.525  0.000180408
0.35  0.55  0.000166294
0.35  0.575  0.000152766
0.35  0.6  0.000139887
0.35  0.625  0.000127709
0.35  0.65  0.000116274
0.35  0.675  0.000105615
0.35  0.7  9.57573e-05
0.35  0.725  8.67185e-05
0.35  0.75  7.85095e-05
0.35  0.775  7.11358e-05
0.35  0.8  6.45989e-05
0.35  0.825  5.88966e-05
0.35  0.85  5.40247e-05
0.35  0.875  4.99777e-05
0.35  0.9  4.67494e-05
0.35  0.925  4.43342e-05
0.35  0.95  4.27269e-05
0.35  0.975  4.19242e-05

0.375  0  0.000397471
0.375  0.025  0.000396706
0.375  0.05  0.00039442
0.375  0.075  0.00039064
0.375  0.1  0.000385409
0.375  0.125  0.000378786
0.375  0.15  0.000370846
0.375  0.175  0.000361679
0.375  0.2  0.000351383
0.375  0.225  0.00034007
0.375  0.25  0.00032786
0.375  0.275  0.000314877
0.375  0.3  0.000301251
0.375  0.325  0.000287113
0.375  0.35  0.000272597
0.375  0.375  0.00025783
0.375  0.4  0.000242941
0.375  0.425  0.000228049
0.375  0.45  0.000213271
0.375  0.475  0.000198712
0.375  0.5  0.00018447
0.375  0.525  0.000170635
0.375  0.55  0.000157286
0.375  0.575  0.000144491
0.375  0.6  0.00013231
0.375  0.625  0.000120791
0.375  0.65  0.000109975
0.375  0.675  9.98937e-05
0.375  0.7  9.05702e-05
0.375  0.725  8.2021e-05
0.375  0.75  7.42567e-05
0.375  0.775  6.72825e-05
0.375  0.8  6.10996e-05
0.375  0.825  5.57062e-05
0.375  0.85  5.10983e-05
0.375  0.875  4.72705e-05
0.375  0.9  4.42171e-05
0.375  0.925  4.19326e-05
0.375  0.95  4.04124e-05
0.375  0.975  3.96532e-05

0.4  0  0.000374517
0.4  0.025  0.000373797
0.4  0.05  0.000371643
0.4  0.075  0.000368081
0.4  0.1  0.000363152
0.4  0.125  0.000356911
0.4  0.15  0.00034943
0.4  0.175  0.000340792
0.4  0.2  0.000331091
0.4  0.225  0.000320432
0.4  0.25  0.000308926
0.4  0.275  0.000296693
0.4  0.3  0.000283854
0.4  0.325  0.000270533
0.4  0.35  0.000256854
0.4  0.375  0.000242941
0.4  0.4  0.000228911
0.4  0.425  0.00021488
0.4  0.45  0.000200955
0.4  0.475  0.000187236
0.4  0.5  0.000173817
0.4  0.525  0.000160781
0.4  0.55  0.000148203
0.4  0.575  0.000136147
0.4  0.6  0.000124669
0.4  0.625  0.000113815
0.4  0.65  0.000103624
0.4  0.675  9.41249e-05
0.4  0.7  8.53398e-05
0.4  0.725  7.72844e-05
0.4  0.75  6.99684e-05
0.4  0.775  6.3397e-05
0.4  0.8  5.75712e-05
0.4  0.825  5.24892e-05
0.4  0.85  4.81474e-05
0.4  0.875  4.45406e-05
0.4  0.9  4.16636e-05
0.4  0.925  3.9511e-05
0.4  0.95  3.80787e-05
0.4  0.975  3.73633e-05

0.425  0  0.000351561
0.425  0.025  0.000350884
0.425  0.05  0.000348862
0.425  0.075  0.000345519
0.425  0.1  0.000340892
0.425  0.125  0.000335034
0.425  0.15  0.000328012
0.425  0.175  0.000319903
0.425  0.2  0.000310796
0.425  0.225  0.00030079
0.425  0.25  0.00028999
0.425  0.275  0.000278507
0.425  0.3  0.000266455
0.425  0.325  0.00025395
0.425  0.35  0.00024111
0.425  0.375  0.000228049
0.425  0.4  0.00021488
0.425  0.425  0.000201709
0.425  0.45  0.000188637
0.425  0.475  0.000175759
0.425  0.5  0.000163163
0.425  0.525  0.000150926
0.425  0.55  0.000139119
0.425  0.575  0.000127802
0.425  0.6  0.000117027
0.425  0.625  0.000106839
0.425  0.65  9.72724e-05
0.425  0.675  8.83554e-05
0.425  0.7  8.01088e-05
0.425  0.725  7.25471e-05
0.425  0.75  6.56796e-05
0.425  0.775  5.9511e-05
0.425  0.8  5.40423e-05
0.425  0.825  4.92719e-05
0.425  0.85  4.51961e-05
0.425  0.875  4.18105e-05
0.425  0.9  3.91098e-05
0.425  0.925  3.70892e-05
0.425  0.95  3.57446e-05
0.425  0.975  3.50731e-05

0.45  0  0.000328778
0.45  0.025  0.000328145
0.45  0.05  0.000326255
0.45  0.075  0.000323128
0.45  0.1  0.0003188
0.45  0.125  0.000313322
0.45  0.15  0.000306755
0.45  0.175  0.000299172
0.45  0.2  0.000290655
0.45  0.225  0.000281298
0.45  0.25  0.000271198
0.45  0.275  0.000260458
0.45  0.3  0.000249187
0.45  0.325  0.000237493
0.45  0.35  0.000225485
0.45  0.375  0.000213271
0.45  0.4  0.000200955
0.45  0.425  0.000188637
0.45  0.45  0.000176412
0.45  0.475  0.000164369
0.45  0.5  0.000152589
0.45  0.525  0.000141145
0.45  0.55  0.000130103
0.45  0.575  0.000119519
0.45  0.6  0.000109443
0.45  0.625  9.99152e-05
0.45  0.65  9.09687e-05
0.45  0.675  8.26296e-05
0.45  0.7  7.49174e-05
0.45  0.725  6.78458e-05
0.45  0.75  6.14233e-05
0.45  0.775  5.56544e-05
0.45  0.8  5.05401e-05
0.45  0.825  4.60788e-05
0.45  0.85  4.22672e-05
0.45  0.875  3.9101e-05
0.45  0.9  3.65753e-05
0.45  0.925  3.46856e-05
0.45  0.95  3.34282e-05
0.45  0.975  3.28002e-05

0.475  0  0.000306334
0.475  0.025  0.000305744
0.475  0.05  0.000303983
0.475  0.075  0.000301069
0.475  0.1  0.000297037
0.475  0.125  0.000291933
0.475  0.15  0.000285814
0.475  0.175  0.000278748
0.475  0.2  0.000270814
0.475  0.225  0.000262095
0.475  0.25  0.000252684
0.475  0.275  0.000242678
0.475  0.3  0.000232176
0.475  0.325  0.00022128
0.475  0.35  0.000210092
0.475  0.375  0.000198712
0.475  0.4  0.000187236
0.475  0.425  0.000175759
0.475  0.45  0.000164369
0.475  0.475  0.000153149
0.475  0.5  0.000142173
0.475  0.525  0.00013151
0.475  0.55  0.000121221
0.475  0.575  0.00011136
0.475  0.6  0.000101972
0.475  0.625  9.30944e-05
0.475  0.65  8.47587e-05
0.475  0.675  7.69888e-05
0.475  0.7  6.98031e-05
0.475  0.725  6.32142e-05
0.475  0.75  5.72302e-05
0.475  0.775  5.18551e-05
0.475  0.8  4.70899e-05
0.475  0.825  4.29332e-05
0.475  0.85  3.93818e-05
0.475  0.875  3.64317e-05
0.475  0.9  3.40784e-05
0.475  0.925  3.23178e-05
0.475  0.95  3.11462e-05
0.475  0.975  3.05611e-05

0.5  0  0.000284379
0.5  0.025  0.000283832
0.5  0.05  0.000282197
0.5  0.075  0.000279492
0.5  0.1  0.000275749
0.5  0.125  0.000271011
0.5  0.15  0.00026533
0.5  0.175  0.000258771
0.5  0.2  0.000251405
0.5  0.225  0.000243311
0.5  0.25  0.000234575
0.5  0.275  0.000225286
0.5  0.3  0.000215536
0.5  0.325  0.000205422
0.5  0.35  0.000195035
0.5  0.375  0.00018447
0.5  0.4  0.000173817
0.5  0.425  0.000163163
0.5  0.45  0.000152589
0.5  0.475  0.000142173
0.5  0.5  0.000131983
0.5  0.525  0.000122085
0.5  0.55  0.000112534
0.5  0.575  0.000103379
0.5  0.6  9.46638e-05
0.5  0.625  8.64225e-05
0.5  0.65  7.86841e-05
0.5  0.675  7.14711e-05
0.5  0.7  6.48004e-05
0.5  0.725  5.86837e-05
0.5  0.75  5.31286e-05
0.5  0.775  4.81387e-05
0.5  0.8  4.37151e-05
0.5  0.825  3.98562e-05
0.5  0.85  3.65594e-05
0.5  0.875  3.38207e-05
0.5  0.9  3.16361e-05
0.5  0.925  3.00016e-05
0.5  0.95  2.8914e-05
0.5  0.975  2.83708e-05

0.525  0  0.000263051
0.525  0.025  0.000262545
0.525  0.05  0.000261032
0.525  0.075  0.000258531
0.525  0.1  0.000255068
0.525  0.125  0.000250685
0.525  0.15  0.000245431
0.525  0.175  0.000239364
0.525  0.2  0.00023255
0.525  0.225  0.000225063
0.525  0.25  0.000216982
0.525  0.275  0.00020839
0.525  0.3  0.000199372
0.525  0.325  0.000190015
0.525  0.35  0.000180408
0.525  0.375  0.000170635
0.525  0.4  0.000160781
0.525  0.425  0.000150926
0.525  0.45  0.000141145
0.525  0.475  0.00013151
0.525  0.5  0.000122085
0.525  0.525  0.000112929
0.525  0.55  0.000104094
0.525  0.575  9.5626e-05
0.525  0.6  8.75642e-05
0.525  0.625  7.9941e-05
0.525  0.65  7.2783e-05
0.525  0.675  6.6111e-05
0.525  0.7  5.99405e-05
0.525  0.725  5.42826e-05
0.525  0.75  4.9144e-05
0.525  0.775  4.45284e-05
0.525  0.8  4.04365e-05
0.525  0.825  3.68671e-05
0.525  0.85  3.38175e-05
0.525  0.875  3.12842e-05
0.525  0.9  2.92634e-05
0.525  0.925  2.77515e-05
0.525  0.95  2.67455e-05
0.525  0.975  2.6243e-05

0.55  0  0.000242472
0.55  0.025  0.000242005
0.55  0.05  0.000240611
0.55  0.075  0.000238305
0.55  0.1  0.000235114
0.55  0.125  0.000231073
0.55  0.15  0.00022623
0.55  0.175  0.000220637
0.55  0.2  0.000214357
0.55  0.225  0.000207456
0.55  0.25  0.000200007
0.55  0.275  0.000192087
0.55  0.3  0.000183774
0.55  0.325  0.00017515
0.55  0.35  0.000166294
0.55  0.375  0.000157286
0.55  0.4  0.000148203
0.55  0.425  0.000139119
0.55  0.45  0.000130103
0.55  0.475  0.000121221
0.55  0.5  0.000112534
0.55  0.525  0.000104094
0.55  0.55  9.59503e-05
0.55  0.575  8.81449e-05
0.55  0.6  8.07137e-05
0.55  0.625  7.36869e-05
0.55  0.65  6.70889e-05
0.55  0.675  6.09389e-05
0.55  0.7  5.52511e-05
0.55  0.725  5.00358e-05
0.55  0.75  4.52993e-05
0.55  0.775  4.10448e-05
0.55  0.8  3.7273e-05
0.55  0.825  3.39829e-05
0.55  0.85  3.11718e-05
0.55  0.875  2.88367e-05
0.55  0.9  2.6974e-05
0.55  0.925  2.55804e-05
0.55  0.95  2.46531e-05
0.55  0.975  2.41899e-05

0.575  0  0.000222747
0.575  0.025  0.000222319
0.575  0.05  0.000221038
0.575  0.075  0.000218919
0.575  0.1  0.000215987
0.575  0.125  0.000212276
0.575  0.15  0.000207827
0.575  0.175  0.000202689
0.575  0.2  0.000196919
0.575  0.225  0.000190579
0.575  0.25  0.000183736
0.575  0.275  0.000176461
0.575  0.3  0.000168824
0.575  0.325  0.000160902
0.575  0.35  0.000152766
0.575  0.375  0.000144491
0.575  0.4  0.000136147
0.575  0.425  0.000127802
0.575  0.45  0.000119519
0.575  0.475  0.00011136
0.575  0.5  0.000103379
0.575  0.525  9.5626e-05
0.575  0.55  8.81449e-05
0.575  0.575  8.09744e-05
0.575  0.6  7.41478e-05
0.575  0.625  6.76926e-05
0.575  0.65  6.16313e-05
0.575  0.675  5.59816e-05
0.575  0.7  5.07565e-05
0.575  0.725  4.59655e-05
0.575  0.75  4.16143e-05
0.575  0.775  3.77059e-05
0.575  0.8  3.42409e-05
0.575  0.825  3.12184e-05
0.575  0.85  2.86361e-05
0.575  0.875  2.64909e-05
0.575  0.9  2.47797e-05
0.575  0.925  2.34995e-05
0.575  0.95  2.26476e-05
0.575  0.975  2.22221e-05

0.6  0  0.000203968
0.6  0.025  0.000203576
0.6  0.05  0.000202403
0.6  0.075  0.000200463
0.6  0.1  0.000197778
0.6  0.125  0.00019438
0.6  0.15  0.000190306
0.6  0.175  0.000185601
0.6  0.2  0.000180318
0.6  0.225  0.000174512
0.6  0.25  0.000168246
0.6  0.275  0.000161584
0.6  0.3  0.000154591
0.6  0.325  0.000147337
0.6  0.35  0.000139887
0.6  0.375  0.00013231
0.6  0.4  0.000124669
0.6  0.425  0.000117027
0.6  0.45  0.000109443
0.6  0.475  0.000101972
0.6  0.5  9.46638e-05
0.6  0.525  8.75642e-05
0.6  0.55  8.07137e-05
0.6  0.575  7.41478e-05
0.6  0.6  6.78967e-05
0.6  0.625  6.19857e-05
0.6  0.65  5.64354e-05
0.6  0.675  5.1262e-05
0.6  0.7  4.64775e-05
0.6  0.725  4.20903e-05
0.6  0.75  3.81059e-05
0.6  0.775  3.4527e-05
0.6  0.8  3.13542e-05
0.6  0.825  2.85865e-05
0.6  0.85  2.62219e-05
0.6  0.875  2.42576e-05
0.6  0.9  2.26907e-05
0.6  0.925  2.15184e-05
0.6  0.95  2.07383e-05
0.6  0.975  2.03487e-05

0.625  0  0.000186211
0.625  0.025  0.000185853
0.625  0.05  0.000184782
0.625  0.075  0.000183011
0.625  0.1  0.00018056
0.625  0.125  0.000177457
0.625  0.15  0.000173738
0.625  0.175  0.000169443
0.625  0.2  0.000164619
0.625  0.225  0.00015932
0.625  0.25  0.000153599
0.625  0.275  0.000147517
0.625  0.3  0.000141133
0.625  0.325  0.00013451
0.625  0.35  0.000127709
0.625  0.375  0.000120791
0.625  0.4  0.000113815
0.625  0.425  0.000106839
0.625  0.45  9.99152e-05
0.625  0.475  9.30944e-05
0.625  0.5  8.64225e-05
0.625  0.525  7.9941e-05
0.625  0.55  7.36869e-05
0.625  0.575  6.76926e-05
0.625  0.6  6.19857e-05
0.625  0.625  5.65893e-05
0.625  0.65  5.15222e-05
0.625  0.675  4.67992e-05
0.625  0.7  4.24312e-05
0.625  0.725  3.8426e-05
0.625  0.75  3.47885e-05
0.625  0.775  3.15212e-05
0.625  0.8  2.86246e-05
0.625  0.825  2.60978e-05
0.625  0.85  2.3939e-05
0.625  0.875  2.21457e-05
0.625  0.9  2.07153e-05
0.625  0.925  1.9645e-05
0.625  0.95  1.89328e-05
0.625  0.975  1.85771e-05

0.65  0  0.000169538
0.65  0.025  0.000169211
0.65  0.05  0.000168236
0.65  0.075  0.000166624
0.65  0.1  0.000164393
0.65  0.125  0.000161568
0.65  0.15  0.000158181
0.65  0.175  0.000154271
0.65  0.2  0.000149879
0.65  0.225  0.000145054
0.65  0.25  0.000139846
0.65  0.275  0.000134308
0.65  0.3  0.000128496
0.65  0.325  0.000122466
0.65  0.35  0.000116274
0.65  0.375  0.000109975
0.65  0.4  0.000103624
0.65  0.425  9.72724e-05
0.65  0.45  9.09687e-05
0.65  0.475  8.47587e-05
0.65  0.5  7.86841e-05
0.65  0.525  7.2783e-05
0.65  0.55  6.70889e-05
0.65  0.575  6.16313e-05
0.65  0.6  5.64354e-05
0.65  0.625  5.15222e-05
0.65  0.65  4.69089e-05
0.65  0.675  4.26087e-05
0.65  0.7  3.86319e-05
0.65  0.725  3.49853e-05
0.65  0.75  3.16735e-05
0.65  0.775  2.86987e-05
0.65  0.8  2.60615e-05
0.65  0.825  2.3761e-05
0.65  0.85  2.17955e-05
0.65  0.875  2.01628e-05
0.65  0.9  1.88604e-05
0.65  0.925  1.7886e-05
0.65  0.95  1.72376e-05
0.65  0.975  1.69137e-05

0.675  0  0.000153996
0.675  0.025  0.0001537
0.675  0.05  0.000152814
0.675  0.075  0.000151349
0.675  0.1  0.000149323
0.675  0.125  0.000146757
0.675  0.15  0.000143681
0.675  0.175  0.000140129
0.675  0.2  0.00013614
0.675  0.225  0.000131757
0.675  0.25  0.000127026
0.675  0.275  0.000121996
0.675  0.3  0.000116717
0.675  0.325  0.000111239
0.675  0.35  0.000105615
0.675  0.375  9.98937e-05
0.675  0.4  9.41249e-05
0.675  0.425  8.83554e-05
0.675  0.45  8.26296e-05
0.675  0.475  7.69888e-05
0.675  0.5  7.14711e-05
0.675  0.525  6.6111e-05
0.675  0.55  6.09389e-05
0.675  0.575  5.59816e-05
0.675  0.6  5.1262e-05
0.675  0.625  4.67992e-05
0.675  0.65  4.26087e-05
0.675  0.675  3.87028e-05
0.675  0.7  3.50905e-05
0.675  0.725  3.17782e-05
0.675  0.75  2.877e-05
0.675  0.775  2.60679e-05
0.675  0.8  2.36724e-05
0.675  0.825  2.15828e-05
0.675  0.85  1.97975e-05
0.675  0.875  1.83145e-05
0.675  0.9  1.71315e-05
0.675  0.925  1.62464e-05
0.675  0.95  1.56574e-05
0.675  0.975  1.53632e-05

0.7  0  0.000139623
0.7  0.025  0.000139354
0.7  0.05  0.000138551
0.7  0.075  0.000137223
0.7  0.1  0.000135386
0.7  0.125  0.000133059
0.7  0.15  0.00013027
0.7  0.175  0.00012705
0.7  0.2  0.000123433
0.7  0.225  0.000119459
0.7  0.25  0.00011517
0.7  0.275  0.000110609
0.7  0.3  0.000105823
0.7  0.325  0.000100857
0.7  0.35  9.57573e-05
0.7  0.375  9.05702e-05
0.7  0.4  8.53398e-05
0.7  0.425  8.01088e-05
0.7  0.45  7.49174e-05
0.7  0.475  6.98031e-05
0.7  0.5  6.48004e-05
0.7  0.525  5.99405e-05
0.7  0.55  5.52511e-05
0.7  0.575  5.07565e-05
0.7  0.6  4.64775e-05
0.7  0.625  4.24312e-05
0.7  0.65  3.86319e-05
0.7  0.675  3.50905e-05
0.7  0.7  3.18153e-05
0.7  0.725  2.88122e-05
0.7  0.75  2.60848e-05
0.7  0.775  2.36349e-05
0.7  0.8  2.1463e-05
0.7  0.825  1.95684e-05
0.7  0.85  1.79497e-05
0.7  0.875  1.66051e-05
0.7  0.9  1.55325e-05
0.7  0.925  1.473e-05
0.7  0.95  1.4196e-05
0.7  0.975  1.39293e-05

0.725  0  0.000126444
0.725  0.025  0.0001262
0.725  0.05  0.000125473
0.725  0.075  0.00012427
0.725  0.1  0.000122606
0.725  0.125  0.000120499
0.725  0.15  0.000117974
0.725  0.175  0.000115057
0.725  0.2  0.000111782
0.725  0.225  0.000108183
0.725  0.25  0.000104299
0.725  0.275  0.000100169
0.725  0.3  9.5834e-05
0.725  0.325  9.13366e-05
0.725  0.35  8.67185e-05
0.725  0.375  8.2021e-05
0.725  0.4  7.72844e-05
0.725  0.425  7.25471e-05
0.725  0.45  6.78458e-05
0.725  0.475  6.32142e-05
0.725  0.5  5.86837e-05
0.725  0.525  5.42826e-05
0.725  0.55  5.00358e-05
0.725  0.575  4.59655e-05
0.725  0.6  4.20903e-05
0.725  0.625  3.8426e-05
0.725  0.65  3.49853e-05
0.725  0.675  3.17782e-05
0.725  0.7  2.88122e-05
0.725  0.725  2.60925e-05
0.725  0.75  2.36225e-05
0.725  0.775  2.14039e-05
0.725  0.8  1.9437e-05
0.725  0.825  1.77213e-05
0.725  0.85  1.62554e-05
0.725  0.875  1.50377e-05
0.725  0.9  1.40663e-05
0.725  0.925  1.33396e-05
0.725  0.95  1.2856e-05
0.725  0.975  1.26145e-05

0.75  0  0.000114474
0.75  0.025  0.000114254
0.75  0.05  0.000113595
0.75  0.075  0.000112507
0.75  0.1  0.000111
0.75  0.125  0.000109093
0.75  0.15  0.000106806
0.75  0.175  0.000104166
0.75  0.2  0.0001012
0.75  0.225  9.79424e-05
0.75  0.25  9.44256e-05
0.75  0.275  9.06864e-05
0.75  0.3  8.6762e-05
0.75  0.325  8.26904e-05
0.75  0.35  7.85095e-05
0.75  0.375  7.42567e-05
0.75  0.4  6.99684e-05
0.75  0.425  6.56796e-05
0.75  0.45  6.14233e-05
0.75  0.475  5.72302e-05
0.75  0.5  5.31286e-05
0.75  0.525  4.9144e-05
0.75  0.55  4.52993e-05
0.75  0.575  4.16143e-05
0.75  0.6  3.81059e-05
0.75  0.625  3.47885e-05
0.75  0.65  3.16735e-05
0.75  0.675  2.877e-05
0.75  0.7  2.60848e-05
0.75  0.725  2.36225e-05
0.75  0.75  2.13864e-05
0.75  0.775  1.93778e-05
0.75  0.8  1.75971e-05
0.75  0.825  1.60437e-05
0.75  0.85  1.47166e-05
0.75  0.875  1.36142e-05
0.75  0.9  1.27348e-05
0.75  0.925  1.20768e-05
0.75  0.95  1.1639e-05
0.75  0.975  1.14204e-05

0.775  0  0.000103723
0.775  0.025  0.000103523
0.775  0.05  0.000102927
0.775  0.075  0.00010194
0.775  0.1  0.000100575
0.775  0.125  9.88466e-05
0.775  0.15  9.67748e-05
0.775  0.175  9.43824e-05
0.775  0.2  9.16957e-05
0.775  0.225  8.87436e-05
0.775  0.25  8.55572e-05
0.775  0.275  8.21691e-05
0.775  0.3  7.86133e-05
0.775  0.325  7.49241e-05
0.775  0.35  7.11358e-05
0.775  0.375  6.72825e-05
0.775  0.4  6.3397e-05
0.775  0.425  5.9511e-05
0.775  0.45  5.56544e-05
0.775  0.475  5.18551e-05
0.775  0.5  4.81387e-05
0.775  0.525  4.45284e-05
0.775  0.55  4.10448e-05
0.775  0.575  3.77059e-05
0.775  0.6  3.4527e-05
0.775  0.625  3.15212e-05
0.775  0.65  2.86987e-05
0.775  0.675  2.60679e-05
0.775  0.7  2.36349e-05
0.775  0.725  2.14039e-05
0.775  0.75  1.93778e-05
0.775  0.775  1.75578e-05
0.775  0.8  1.59443e-05
0.775  0.825  1.45369e-05
0.775  0.85  1.33344e-05
0.775  0.875  1.23355e-05
0.775  0.9  1.15387e-05
0.775  0.925  1.09426e-05
0.775  0.95  1.05459e-05
0.775  0.975  1.03478e-05

0.8  0  9.41911e-05
0.8  0.025  9.40099e-05
0.8  0.05  9.34682e-05
0.8  0.075  9.25724e-05
0.8  0.1  9.13327e-05
0.8  0.125  8.97632e-05
0.8  0.15  8.78818e-05
0.8  0.175  8.57092e-05
0.8  0.2  8.32694e-05
0.8  0.225  8.05886e-05
0.8  0.25  7.7695e-05
0.8  0.275  7.46183e-05
0.8  0.3  7.13892e-05
0.8  0.325  6.8039e-05
0.8  0.35  6.45989e-05
0.8  0.375  6.10996e-05
0.8  0.4  5.75712e-05
0.8  0.425  5.40423e-05
0.8  0.45  5.05401e-05
0.8  0.475  4.70899e-05
0.8  0.5  4.37151e-05
0.8  0.525  4.04365e-05
0.8  0.55  3.7273e-05
0.8  0.575  3.42409e-05
0.8  0.6  3.13542e-05
0.8  0.625  2.86246e-05
0.8  0.65  2.60615e-05
0.8  0.675  2.36724e-05
0.8  0.7  2.1463e-05
0.8  0.725  1.9437e-05
0.8  0.75  1.75971e-05
0.8  0.775  1.59443e-05
0.8  0.8  1.44791e-05
0.8  0.825  1.3201e-05
0.8  0.85  1.21091e-05
0.8  0.875  1.1202e-05
0.8  0.9  1.04784e-05
0.8  0.925  9.93703e-06
0.8  0.95  9.57679e-06
0.8  0.975  9.39687e-06

0.825  0  8.58767e-05
0.825  0.025  8.57114e-05
0.825  0.05  8.52176e-05
0.825  0.075  8.44008e-05
0.825  0.1  8.32705e-05
0.825  0.125  8.18396e-05
0.825  0.15  8.01243e-05
0.825  0.175  7.81435e-05
0.825  0.2  7.5919e-05
0.825  0.225  7.34749e-05
0.825  0.25  7.08367e-05
0.825  0.275  6.80316e-05
0.825  0.3  6.50876e-05
0.825  0.325  6.20331e-05
0.825  0.35  5.88966e-05
0.825  0.375  5.57062e-05
0.825  0.4  5.24892e-05
0.825  0.425  4.92719e-05
0.825  0.45  4.60788e-05
0.825  0.475  4.29332e-05
0.825  0.5  3.98562e-05
0.825  0.525  3.68671e-05
0.825  0.55  3.39829e-05
0.825  0.575  3.12184e-05
0.825  0.6  2.85865e-05
0.825  0.625  2.60978e-05
0.825  0.65  2.3761e-05
0.825  0.675  2.15828e-05
0.825  0.7  1.95684e-05
0.825  0.725  1.77213e-05
0.825  0.75  1.60437e-05
0.825  0.775  1.45369e-05
0.825  0.8  1.3201e-05
0.825  0.825  1.20358e-05
0.825  0.85  1.10402e-05
0.825  0.875  1.02132e-05
0.825  0.9  9.55344e-06
0.825  0.925  9.05987e-06
0.825  0.95  8.73143e-06
0.825  0.975  8.56739e-06

0.85  0  7.87731e-05
0.85  0.025  7.86215e-05
0.85  0.05  7.81685e-05
0.85  0.075  7.74193e-05
0.85  0.1  7.63825e-05
0.85  0.125  7.507e-05
0.85  0.15  7.34965e-05
0.85  0.175  7.16795e-05
0.85  0.2  6.96391e-05
0.85  0.225  6.73971e-05
0.85  0.25  6.49772e-05
0.85  0.275  6.24041e-05
0.85  0.3  5.97036e-05
0.85  0.325  5.69018e-05
0.85  0.35  5.40247e-05
0.85  0.375  5.10983e-05
0.85  0.4  4.81474e-05
0.85  0.425  4.51961e-05
0.85  0.45  4.22672e-05
0.85  0.475  3.93818e-05
0.85  0.5  3.65594e-05
0.85  0.525  3.38175e-05
0.85  0.55  3.11718e-05
0.85  0.575  2.86361e-05
0.85  0.6  2.62219e-05
0.85  0.625  2.3939e-05
0.85  0.65  2.17955e-05
0.85  0.675  1.97975e-05
0.85  0.7  1.79497e-05
0.85  0.725  1.62554e-05
0.85  0.75  1.47166e-05
0.85  0.775  1.33344e-05
0.85  0.8  1.21091e-05
0.85  0.825  1.10402e-05
0.85  0.85  1.0127e-05
0.85  0.875  9.36833e-06
0.85  0.9  8.76319e-06
0.85  0.925  8.31045e-06
0.85  0.95  8.00917e-06
0.85  0.975  7.85871e-06

0.875  0  7.28721e-05
0.875  0.025  7.27319e-05
0.875  0.05  7.23128e-05
0.875  0.075  7.16197e-05
0.875  0.1  7.06606e-05
0.875  0.125  6.94464e-05
0.875  0.15  6.79908e-05
0.875  0.175  6.631e-05
0.875  0.2  6.44224e-05
0.875  0.225  6.23483e-05
0.875  0.25  6.01097e-05
0.875  0.275  5.77294e-05
0.875  0.3  5.52312e-05
0.875  0.325  5.26392e-05
0.875  0.35  4.99777e-05
0.875  0.375  4.72705e-05
0.875  0.4  4.45406e-05
0.875  0.425  4.18105e-05
0.875  0.45  3.9101e-05
0.875  0.475  3.64317e-05
0.875  0.5  3.38207e-05
0.875  0.525  3.12842e-05
0.875  0.55  2.88367e-05
0.875  0.575  2.64909e-05
0.875  0.6  2.42576e-05
0.875  0.625  2.21457e-05
0.875  0.65  2.01628e-05
0.875  0.675  1.83145e-05
0.875  0.7  1.66051e-05
0.875  0.725  1.50377e-05
0.875  0.75  1.36142e-05
0.875  0.775  1.23355e-05
0.875  0.8  1.1202e-05
0.875  0.825  1.02132e-05
0.875  0.85  9.36833e-06
0.875  0.875  8.66655e-06
0.875  0.9  8.10674e-06
0.875  0.925  7.68791e-06
0.875  0.95  7.4092e-06
0.875  0.975  7.27001e-06

0.9  0  6.8165e-05
0.9  0.025  6.80338e-05
0.9  0.05  6.76418e-05
0.9  0.075  6.69935e-05
0.9  0.1  6.60964e-05
0.9  0.125  6.49606e-05
0.9  0.15  6.3599e-05
0.9  0.175  6.20267e-05
0.9  0.2  6.02611e-05
0.9  0.225  5.8321e-05
0.9  0.25  5.62269e-05
0.9  0.275  5.40004e-05
0.9  0.3  5.16635e-05
0.9  0.325  4.9239e-05
0.9  0.35  4.67494e-05
0.9  0.375  4.42171e-05
0.9  0.4  4.16636e-05
0.9  0.425  3.91098e-05
0.9  0.45  3.65753e-05
0.9  0.475  3.40784e-05
0.9  0.5  3.16361e-05
0.9  0.525  2.92634e-05
0.9  0.55  2.6974e-05
0.9  0.575  2.47797e-05
0.9  0.6  2.26907e-05
0.9  0.625  2.07153e-05
0.9  0.65  1.88604e-05
0.9  0.675  1.71315e-05
0.9  0.7  1.55325e-05
0.9  0.725  1.40663e-05
0.9  0.75  1.27348e-05
0.9  0.775  1.15387e-05
0.9  0.8  1.04784e-05
0.9  0.825  9.55344e-06
0.9  0.85  8.76319e-06
0.9  0.875  8.10674e-06
0.9  0.9  7.58309e-06
0.9  0.925  7.19131e-06
0.9  0.95  6.93061e-06
0.9  0.975  6.80041e-06

0.925  0  6.46433e-05
0.925  0.025  6.45189e-05
0.925  0.05  6.41471e-05
0.925  0.075  6.35323e-05
0.925  0.1  6.26815e-05
0.925  0.125  6.16044e-05
0.925  0.15  6.03132e-05
0.925  0.175  5.88222e-05
0.925  0.2  5.71477e-05
0.925  0.225  5.53079e-05
0.925  0.25  5.3322e-05
0.925  0.275  5.12105e-05
0.925  0.3  4.89944e-05
0.925  0.325  4.66951e-05
0.925  0.35  4.43342e-05
0.925  0.375  4.19326e-05
0.925  0.4  3.9511e-05
0.925  0.425  3.70892e-05
0.925  0.45  3.46856e-05
0.925  0.475  3.23178e-05
0.925  0.5  3.00016e-05
0.925  0.525  2.77515e-05
0.925  0.55  2.55804e-05
0.925  0.575  2.34995e-05
0.925  0.6  2.15184e-05
0.925  0.625  1.9645e-05
0.925  0.65  1.7886e-05
0.925  0.675  1.62464e-05
0.925  0.7  1.473e-05
0.925  0.725  1.33396e-05
0.925  0.75  1.20768e-05
0.925  0.775  1.09426e-05
0.925  0.8  9.93703e-06
0.925  0.825  9.05987e-06
0.925  0.85  8.31045e-06
0.925  0.875  7.68791e-06
0.925  0.9  7.19131e-06
0.925  0.925  6.81978e-06
0.925  0.95  6.57254e-06
0.925  0.975  6.44907e-06

0.95  0  6.22998e-05
0.95  0.025  6.21799e-05
0.95  0.05  6.18216e-05
0.95  0.075  6.12291e-05
0.95  0.1  6.04092e-05
0.95  0.125  5.93711e-05
0.95  0.15  5.81267e-05
0.95  0.175  5.66897e-05
0.95  0.2  5.5076e-05
0.95  0.225  5.33028e-05
0.95  0.25  5.13889e-05
0.95  0.275  4.9354e-05
0.95  0.3  4.72182e-05
0.95  0.325  4.50023e-05
0.95  0.35  4.27269e-05
0.95  0.375  4.04124e-05
0.95  0.4  3.80787e-05
0.95  0.425  3.57446e-05
0.95  0.45  3.34282e-05
0.95  0.475  3.11462e-05
0.95  0.5  2.8914e-05
0.95  0.525  2.67455e-05
0.95  0.55  2.46531e-05
0.95  0.575  2.26476e-05
0.95  0.6  2.07383e-05
0.95  0.625  1.89328e-05
0.95  0.65  1.72376e-05
0.95  0.675  1.56574e-05
0.95  0.7  1.4196e-05
0.95  0.725  1.2856e-05
0.95  0.75  1.1639e-05
0.95  0.775  1.05459e-05
0.95  0.8  9.57679e-06
0.95  0.825  8.73143e-06
0.95  0.85  8.00917e-06
0.95  0.875  7.4092e-06
0.95  0.9  6.93061e-06
0.95  0.925  6.57254e-06
0.95  0.95  6.33427e-06
0.95  0.975  6.21528e-06

0.975  0  6.11294e-05
0.975  0.025  6.10118e-05
0.975  0.05  6.06602e-05
0.975  0.075  6.00788e-05
0.975  0.1  5.92743e-05
0.975  0.125  5.82557e-05
0.975  0.15  5.70347e-05
0.975  0.175  5.56247e-05
0.975  0.2  5.40413e-05
0.975  0.225  5.23015e-05
0.975  0.25  5.04235e-05
0.975  0.275  4.84268e-05
0.975  0.3  4.63311e-05
0.975  0.325  4.41569e-05
0.975  0.35  4.19242e-05
0.975  0.375  3.96532e-05
0.975  0.4  3.73633e-05
0.975  0.425  3.50731e-05
0.975  0.45  3.28002e-05
0.975  0.475  3.05611e-05
0.975  0.5  2.83708e-05
0.975  0.525  2.6243e-05
0.975  0.55  2.41899e-05
0.975  0.575  2.22221e-05
0.975  0.6  2.03487e-05
0.975  0.625  1.85771e-05
0.975  0.65  1.69137e-05
0.975  0.675  1.53632e-05
0.975  0.7  1.39293e-05
0.975  0.725  1.26145e-05
0.975  0.75  1.14204e-05
0.975  0.775  1.03478e-05
0.975  0.8  9.39687e-06
0.975  0.825  8.56739e-06
0.975  0.85  7.85871e-06
0.975  0.875  7.27001e-06
0.975  0.9  6.80041e-06
0.975  0.925  6.44907e-06
0.975  0.95  6.21528e-06
0.975  0.975  6.09851e-06


