0  0  -4.00001e+29
0  0.025  3.96398e+29
0  0.05  -3.8578e+29
0  0.075  3.68713e+29
0  0.1  -3.46078e+29
0  0.125  3.19004e+29
0  0.15  -2.8877e+29
0  0.175  2.56708e+29
0  0.2  -2.24108e+29
0  0.225  1.92132e+29
0  0.25  -1.61758e+29
0  0.275  1.33736e+29
0  0.3  -1.08579e+29
0  0.325  8.65671e+28
0  0.35  -6.77738e+28
0  0.375  5.21037e+28
0  0.4  -3.93338e+28
0  0.425  2.91573e+28
0  0.45  -2.12229e+28
0  0.475  1.51681e+28
0  0.5  -1.06443e+28
0  0.525  7.33425e+27
0  0.55  -4.96176e+27
0  0.575  3.2957e+27
0  0.6  -2.14922e+27
0  0.625  1.37602e+27
0  0.65  -8.64907e+26
0  0.675  5.33702e+26
0  0.7  -3.23298e+26
0  0.725  1.9225e+26
0  0.75  -1.12222e+26
0  0.775  6.4301e+25
0  0.8  -3.61635e+25
0  0.825  1.9962e+25
0  0.85  -1.08127e+25
0  0.875  5.74325e+24
0  0.9  -2.98292e+24
0  0.925  1.49643e+24
0  0.95  -6.8502e+23
0  0.975  1.9663e+23

0.025  0  3.96398e+29
0.025  0.025  -3.92826e+29
0.025  0.05  3.82304e+29
0.025  0.075  -3.65389e+29
0.025  0.1  3.42957e+29
0.025  0.125  -3.16125e+29
0.025  0.15  2.86162e+29
0.025  0.175  -2.54389e+29
0.025  0.2  2.22081e+29
0.025  0.225  -1.90393e+29
0.025  0.25  1.60292e+29
0.025  0.275  -1.32522e+29
0.025  0.3  1.07592e+29
0.025  0.325  -8.57788e+28
0.025  0.35  6.71556e+28
0.025  0.375  -5.16275e+28
0.025  0.4  3.89736e+28
0.025  0.425  -2.88897e+28
0.025  0.45  2.10277e+28
0.025  0.475  -1.50283e+28
0.025  0.5  1.05459e+28
0.025  0.525  -7.26628e+27
0.025  0.55  4.91565e+27
0.025  0.575  -3.26499e+27
0.025  0.6  2.12913e+27
0.025  0.625  -1.36312e+27
0.025  0.65  8.56769e+26
0.025  0.675  -5.28664e+26
0.025  0.7  3.20235e+26
0.025  0.725  -1.90422e+26
0.025  0.75  1.1115e+26
0.025  0.775  -6.36847e+25
0.025  0.8  3.58154e+25
0.025  0.825  -1.9769e+25
0.025  0.85  1.07077e+25
0.025  0.875  -5.68724e+24
0.025  0.9  2.9537e+24
0.025  0.925  -1.48171e+24
0.025  0.95  6.78255e+23
0.025  0.975  -1.94684e+23

0.05  0  -3.8578e+29
0.05  0.025  3.82304e+29
0.05  0.05  -3.72062e+29
0.05  0.075  3.55597e+29
0.05  0.1  -3.33762e+29
0.05  0.125  3.07645e+29
0.05  0.15  -2.7848e+29
0.05  0.175  2.47554e+29
0.05  0.2  -2.16108e+29
0.05  0.225  1.85267e+29
0.05  0.25  -1.55971e+29
0.05  0.275  1.28946e+29
0.05  0.3  -1.04684e+29
0.05  0.325  8.34566e+28
0.05  0.35  -6.53345e+28
0.05  0.375  5.02249e+28
0.05  0.4  -3.79127e+28
0.05  0.425  2.81016e+28
0.05  0.45  -2.04528e+28
0.05  0.475  1.46164e+28
0.05  0.5  -1.02562e+28
0.05  0.525  7.06614e+27
0.05  0.55  -4.77988e+27
0.05  0.575  3.17455e+27
0.05  0.6  -2.06998e+27
0.05  0.625  1.32513e+27
0.05  0.65  -8.32812e+26
0.05  0.675  5.13831e+26
0.05  0.7  -3.11218e+26
0.05  0.725  1.8504e+26
0.05  0.75  -1.07997e+26
0.05  0.775  6.18709e+25
0.05  0.8  -3.47912e+25
0.05  0.825  1.92013e+25
0.05  0.85  -1.03988e+25
0.05  0.875  5.52247e+24
0.05  0.9  -2.86773e+24
0.05  0.925  1.4384e+24
0.05  0.95  -6.58359e+23
0.05  0.975  1.8896e+23

0.075  0  3.68713e+29
0.075  0.025  -3.65389e+29
0.075  0.05  3.55597e+29
0.075  0.075  -3.39856e+29
0.075  0.1  3.18981e+29
0.075  0.125  -2.94013e+29
0.075  0.15  2.66132e+29
0.075  0.175  -2.36568e+29
0.075  0.2  2.06509e+29
0.075  0.225  -1.77029e+29
0.075  0.25  1.49027e+29
0.075  0.275  -1.23197e+29
0.075  0.3  1.00011e+29
0.075  0.325  -7.9725e+28
0.075  0.35  6.24082e+28
0.075  0.375  -4.79713e+28
0.075  0.4  3.62082e+28
0.075  0.425  -2.68356e+28
0.075  0.45  1.95293e+28
0.075  0.475  -1.39549e+28
0.075  0.5  9.7909e+27
0.075  0.525  -6.74473e+27
0.075  0.55  4.56187e+27
0.075  0.575  -3.02934e+27
0.075  0.6  1.97502e+27
0.075  0.625  -1.26415e+27
0.075  0.65  7.94362e+26
0.075  0.675  -4.90027e+26
0.075  0.7  2.9675e+26
0.075  0.725  -1.76407e+26
0.075  0.75  1.02939e+26
0.075  0.775  -5.89618e+25
0.075  0.8  3.31487e+25
0.075  0.825  -1.8291e+25
0.075  0.85  9.90372e+24
0.075  0.875  -5.25837e+24
0.075  0.9  2.72998e+24
0.075  0.925  -1.36901e+24
0.075  0.95  6.26485e+23
0.075  0.975  -1.79792e+23

0.1  0  -3.46078e+29
0.1  0.025  3.42957e+29
0.1  0.05  -3.33762e+29
0.1  0.075  3.18981e+29
0.1  0.1  -2.9938e+29
0.1  0.125  2.75936e+29
0.1  0.15  -2.49758e+29
0.1  0.175  2.22001e+29
0.1  0.2  -1.93781e+29
0.1  0.225  1.66106e+29
0.1  0.25  -1.39822e+29
0.1  0.275  1.15577e+29
0.1  0.3  -9.38159e+28
0.1  0.325  7.47791e+28
0.1  0.35  -5.85301e+28
0.1  0.375  4.49849e+28
0.1  0.4  -3.39497e+28
0.1  0.425  2.51583e+28
0.1  0.45  -1.8306e+28
0.1  0.475  1.30788e+28
0.1  0.5  -9.17468e+27
0.1  0.525  6.31914e+27
0.1  0.55  -4.27324e+27
0.1  0.575  2.83713e+27
0.1  0.6  -1.84933e+27
0.1  0.625  1.18345e+27
0.1  0.65  -7.43491e+26
0.1  0.675  4.58541e+26
0.1  0.7  -2.77616e+26
0.1  0.725  1.64991e+26
0.1  0.75  -9.62528e+25
0.1  0.775  5.51171e+25
0.1  0.8  -3.09785e+25
0.1  0.825  1.70885e+25
0.1  0.85  -9.24986e+24
0.1  0.875  4.90967e+24
0.1  0.9  -2.54815e+24
0.1  0.925  1.27744e+24
0.1  0.95  -5.84432e+23
0.1  0.975  1.67698e+23

0.125  0  3.19004e+29
0.125  0.025  -3.16125e+29
0.125  0.05  3.07645e+29
0.125  0.075  -2.94013e+29
0.125  0.1  2.75936e+29
0.125  0.125  -2.54316e+29
0.125  0.15  2.30176e+29
0.125  0.175  -2.04581e+29
0.125  0.2  1.78562e+29
0.125  0.225  -1.53047e+29
0.125  0.25  1.28816e+29
0.125  0.275  -1.06468e+29
0.125  0.3  8.64112e+28
0.125  0.325  -6.88678e+28
0.125  0.35  5.38956e+28
0.125  0.375  -4.14165e+28
0.125  0.4  3.12515e+28
0.125  0.425  -2.31547e+28
0.125  0.45  1.6845e+28
0.125  0.475  -1.20325e+28
0.125  0.5  8.43898e+27
0.125  0.525  -5.81112e+27
0.125  0.55  3.92878e+27
0.125  0.575  -2.6078e+27
0.125  0.6  1.6994e+27
0.125  0.625  -1.08721e+27
0.125  0.65  6.82837e+26
0.125  0.675  -4.21009e+26
0.125  0.7  2.54814e+26
0.125  0.725  -1.51391e+26
0.125  0.75  8.82893e+25
0.125  0.775  -5.05394e+25
0.125  0.8  2.83954e+25
0.125  0.825  -1.56577e+25
0.125  0.85  8.47211e+24
0.125  0.875  -4.49506e+24
0.125  0.9  2.33203e+24
0.125  0.925  -1.16864e+24
0.125  0.95  5.34479e+23
0.125  0.975  -1.53334e+23

0.15  0  -2.8877e+29
0.15  0.025  2.86162e+29
0.15  0.05  -2.7848e+29
0.15  0.075  2.66132e+29
0.15  0.1  -2.49758e+29
0.15  0.125  2.30176e+29
0.15  0.15  -2.08313e+29
0.15  0.175  1.85134e+29
0.15  0.2  -1.61572e+29
0.15  0.225  1.3847e+29
0.15  0.25  -1.16532e+29
0.15  0.275  9.63026e+28
0.15  0.3  -7.81492e+28
0.15  0.325  6.22731e+28
0.15  0.35  -4.8726e+28
0.15  0.375  3.74369e+28
0.15  0.4  -2.82429e+28
0.15  0.425  2.09211e+28
0.15  0.45  -1.52165e+28
0.15  0.475  1.08667e+28
0.15  0.5  -7.61933e+27
0.15  0.525  5.24528e+27
0.15  0.55  -3.54521e+27
0.15  0.575  2.35249e+27
0.15  0.6  -1.53254e+27
0.15  0.625  9.80138e+26
0.15  0.65  -6.15375e+26
0.15  0.675  3.79277e+26
0.15  0.7  -2.2947e+26
0.15  0.725  1.3628e+26
0.15  0.75  -7.94442e+25
0.15  0.775  4.54569e+25
0.15  0.8  -2.55285e+25
0.15  0.825  1.40704e+25
0.15  0.85  -7.60964e+24
0.15  0.875  4.03549e+24
0.15  0.9  -2.09257e+24
0.15  0.925  1.04814e+24
0.15  0.95  -4.79176e+23
0.15  0.975  1.37435e+23

0.175  0  2.56708e+29
0.175  0.025  -2.54389e+29
0.175  0.05  2.47554e+29
0.175  0.075  -2.36568e+29
0.175  0.1  2.22001e+29
0.175  0.125  -2.04581e+29
0.175  0.15  1.85134e+29
0.175  0.175  -1.64518e+29
0.175  0.2  1.43564e+29
0.175  0.225  -1.2302e+29
0.175  0.25  1.03515e+29
0.175  0.275  -8.55317e+28
0.175  0.3  6.93965e+28
0.175  0.325  -5.52879e+28
0.175  0.35  4.32514e+28
0.175  0.375  -3.32233e+28
0.175  0.4  2.50581e+28
0.175  0.425  -1.85572e+28
0.175  0.45  1.34935e+28
0.175  0.475  -9.63342e+27
0.175  0.5  6.75256e+27
0.175  0.525  -4.64709e+27
0.175  0.55  3.13984e+27
0.175  0.575  -2.08275e+27
0.175  0.6  1.35632e+27
0.175  0.625  -8.67093e+26
0.175  0.65  5.44177e+26
0.175  0.675  -3.35252e+26
0.175  0.7  2.02743e+26
0.175  0.725  -1.20351e+26
0.175  0.75  7.01247e+25
0.175  0.775  -4.01042e+25
0.175  0.8  2.25107e+25
0.175  0.825  -1.24004e+25
0.175  0.85  6.70268e+24
0.175  0.875  -3.55247e+24
0.175  0.9  1.84103e+24
0.175  0.925  -9.2163e+23
0.175  0.95  4.21137e+23
0.175  0.975  -1.20754e+23

0.2  0  -2.24108e+29
0.2  0.025  2.22081e+29
0.2  0.05  -2.16108e+29
0.2  0.075  2.06509e+29
0.2  0.1  -1.93781e+29
0.2  0.125  1.78562e+29
0.2  0.15  -1.61572e+29
0.2  0.175  1.43564e+29
0.2  0.2  -1.25262e+29
0.2  0.225  1.07321e+29
0.2  0.25  -9.02905e+28
0.2  0.275  7.45905e+28
0.2  0.3  -6.0507e+28
0.2  0.325  4.8195e+28
0.2  0.35  -3.76937e+28
0.2  0.375  2.89466e+28
0.2  0.4  -2.18265e+28
0.2  0.425  1.61592e+28
0.2  0.45  -1.17462e+28
0.2  0.475  8.38315e+27
0.2  0.5  -5.87411e+27
0.2  0.525  4.04104e+27
0.2  0.55  -2.72929e+27
0.2  0.575  1.80968e+27
0.2  0.6  -1.17798e+27
0.2  0.625  7.5274e+26
0.2  0.65  -4.72187e+26
0.2  0.675  2.90757e+26
0.2  0.7  -1.75745e+26
0.2  0.725  1.04269e+26
0.2  0.75  -6.07199e+25
0.2  0.775  3.47055e+25
0.2  0.8  -1.94686e+25
0.2  0.825  1.07179e+25
0.2  0.85  -5.78949e+24
0.2  0.875  3.06642e+24
0.2  0.9  -1.58807e+24
0.2  0.925  7.94479e+23
0.2  0.95  -3.62835e+23
0.2  0.975  1.04002e+23

0.225  0  1.92132e+29
0.225  0.025  -1.90393e+29
0.225  0.05  1.85267e+29
0.225  0.075  -1.77029e+29
0.225  0.1  1.66106e+29
0.225  0.125  -1.53047e+29
0.225  0.15  1.3847e+29
0.225  0.175  -1.2302e+29
0.225  0.2  1.07321e+29
0.225  0.225  -9.19346e+28
0.225  0.25  7.73309e+28
0.225  0.275  -6.3871e+28
0.225  0.3  5.17995e+28
0.225  0.325  -4.1249e+28
0.225  0.35  3.22524e+28
0.225  0.375  -2.47608e+28
0.225  0.4  1.86644e+28
0.225  0.425  -1.38135e+28
0.225  0.45  1.00375e+28
0.225  0.475  -7.16097e+27
0.225  0.5  5.01572e+27
0.225  0.525  -3.44906e+27
0.225  0.55  2.32843e+27
0.225  0.575  -1.54316e+27
0.225  0.6  1.004e+27
0.225  0.625  -6.4124e+26
0.225  0.65  4.02028e+26
0.225  0.675  -2.47417e+26
0.225  0.7  1.49461e+26
0.225  0.725  -8.86205e+25
0.225  0.75  5.15746e+25
0.225  0.775  -2.94589e+25
0.225  0.8  1.65141e+25
0.225  0.825  -9.08491e+24
0.225  0.85  4.90379e+24
0.225  0.875  -2.59534e+24
0.225  0.9  1.34307e+24
0.225  0.925  -6.71416e+23
0.225  0.95  3.0644e+23
0.225  0.975  -8.78039e+22

0.25  0  -1.61758e+29
0.25  0.025  1.60292e+29
0.25  0.05  -1.55971e+29
0.25  0.075  1.49027e+29
0.25  0.1  -1.39822e+29
0.25  0.125  1.28816e+29
0.25  0.15  -1.16532e+29
0.25  0.175  1.03515e+29
0.25  0.2  -9.02905e+28
0.25  0.225  7.73309e+28
0.25  0.25  -6.50332e+28
0.25  0.275  5.37011e+28
0.25  0.3  -4.35405e+28
0.25  0.325  3.46624e+28
0.25  0.35  -2.70941e+28
0.25  0.375  2.07939e+28
0.25  0.4  -1.56687e+28
0.25  0.425  1.1592e+28
0.25  0.45  -8.41992e+27
0.25  0.475  6.00441e+27
0.25  0.5  -4.20375e+27
0.25  0.525  2.88934e+27
0.25  0.55  -1.9496e+27
0.25  0.575  1.29142e+27
0.25  0.6  -8.39754e+26
0.25  0.625  5.36029e+26
0.25  0.65  -3.35863e+26
0.25  0.675  2.06568e+26
0.25  0.7  -1.24703e+26
0.25  0.725  7.38902e+25
0.25  0.75  -4.29715e+25
0.25  0.775  2.45267e+25
0.25  0.8  -1.37387e+25
0.25  0.825  7.55204e+24
0.25  0.85  -4.07303e+24
0.25  0.875  2.15383e+24
0.25  0.9  -1.11364e+24
0.25  0.925  5.56258e+23
0.25  0.95  -2.53702e+23
0.25  0.975  7.26622e+22

0.275  0  1.33736e+29
0.275  0.025  -1.32522e+29
0.275  0.05  1.28946e+29
0.275  0.075  -1.23197e+29
0.275  0.1  1.15577e+29
0.275  0.125  -1.06468e+29
0.275  0.15  9.63026e+28
0.275  0.175  -8.55317e+28
0.275  0.2  7.45905e+28
0.275  0.225  -6.3871e+28
0.275  0.25  5.37011e+28
0.275  0.275  -4.43321e+28
0.275  0.3  3.59339e+28
0.275  0.325  -2.85979e+28
0.275  0.35  2.23462e+28
0.275  0.375  -1.71438e+28
0.275  0.4  1.29132e+28
0.275  0.425  -9.54952e+27
0.275  0.45  6.93327e+27
0.275  0.475  -4.94194e+27
0.275  0.5  3.45819e+27
0.275  0.525  -2.37565e+27
0.275  0.55  1.6021e+27
0.275  0.575  -1.06062e+27
0.275  0.6  6.89257e+26
0.275  0.625  -4.39684e+26
0.275  0.65  2.75313e+26
0.275  0.675  -1.6921e+26
0.275  0.7  1.02076e+26
0.275  0.725  -6.04373e+25
0.275  0.75  3.51202e+25
0.275  0.775  -2.0029e+25
0.275  0.8  1.12098e+25
0.275  0.825  -6.15649e+24
0.275  0.85  3.31733e+24
0.275  0.875  -1.75257e+24
0.275  0.9  9.05302e+23
0.275  0.925  -4.51781e+23
0.275  0.95  2.05891e+23
0.275  0.975  -5.8941e+22

0.3  0  -1.08579e+29
0.3  0.025  1.07592e+29
0.3  0.05  -1.04684e+29
0.3  0.075  1.00011e+29
0.3  0.1  -9.38159e+28
0.3  0.125  8.64112e+28
0.3  0.15  -7.81492e+28
0.3  0.175  6.93965e+28
0.3  0.2  -6.0507e+28
0.3  0.225  5.17995e+28
0.3  0.25  -4.35405e+28
0.3  0.275  3.59339e+28
0.3  0.3  -2.91175e+28
0.3  0.325  2.31652e+28
0.3  0.35  -1.80944e+28
0.3  0.375  1.38763e+28
0.3  0.4  -1.04476e+28
0.3  0.425  7.72263e+27
0.3  0.45  -5.60417e+27
0.3  0.475  3.99252e+27
0.3  0.5  -2.7923e+27
0.3  0.525  1.91711e+27
0.3  0.55  -1.29209e+27
0.3  0.575  8.54841e+26
0.3  0.6  -5.55157e+26
0.3  0.625  3.53893e+26
0.3  0.65  -2.21432e+26
0.3  0.675  1.3599e+26
0.3  0.7  -8.19709e+25
0.3  0.725  4.84933e+25
0.3  0.75  -2.81551e+25
0.3  0.775  1.60425e+25
0.3  0.8  -8.97019e+24
0.3  0.825  4.92173e+24
0.3  0.85  -2.64934e+24
0.3  0.875  1.39822e+24
0.3  0.9  -7.21507e+23
0.3  0.925  3.59697e+23
0.3  0.95  -1.63785e+23
0.3  0.975  4.68629e+22

0.325  0  8.65671e+28
0.325  0.025  -8.57788e+28
0.325  0.05  8.34566e+28
0.325  0.075  -7.9725e+28
0.325  0.1  7.47791e+28
0.325  0.125  -6.88678e+28
0.325  0.15  6.22731e+28
0.325  0.175  -5.52879e+28
0.325  0.2  4.8195e+28
0.325  0.225  -4.1249e+28
0.325  0.25  3.46624e+28
0.325  0.275  -2.85979e+28
0.325  0.3  2.31652e+28
0.325  0.325  -1.84228e+28
0.325  0.35  1.43844e+28
0.325  0.375  -1.10263e+28
0.325  0.4  8.29797e+27
0.325  0.425  -6.13062e+27
0.325  0.45  4.44653e+27
0.325  0.475  -3.16601e+27
0.325  0.5  2.21294e+27
0.325  0.525  -1.51839e+27
0.325  0.55  1.02269e+27
0.325  0.575  -6.76137e+26
0.325  0.6  4.38783e+26
0.325  0.625  -2.79496e+26
0.325  0.65  1.74742e+26
0.325  0.675  -1.07227e+26
0.325  0.7  6.45771e+25
0.325  0.725  -3.81687e+25
0.325  0.75  2.21399e+25
0.325  0.775  -1.26027e+25
0.325  0.8  7.03967e+24
0.325  0.825  -3.85842e+24
0.325  0.85  2.0747e+24
0.325  0.875  -1.09372e+24
0.325  0.9  5.63734e+23
0.325  0.925  -2.80733e+23
0.325  0.95  1.27709e+23
0.325  0.975  -3.65203e+22

0.35  0  -6.77738e+28
0.35  0.025  6.71556e+28
0.35  0.05  -6.53345e+28
0.35  0.075  6.24082e+28
0.35  0.1  -5.85301e+28
0.35  0.125  5.38956e+28
0.35  0.15  -4.8726e+28
0.35  0.175  4.32514e+28
0.35  0.2  -3.76937e+28
0.35  0.225  3.22524e+28
0.35  0.25  -2.70941e+28
0.35  0.275  2.23462e+28
0.35  0.3  -1.80944e+28
0.35  0.325  1.43844e+28
0.35  0.35  -1.12263e+28
0.35  0.375  8.60145e+27
0.35  0.4  -6.46984e+27
0.35  0.425  4.77741e+27
0.35  0.45  -3.46307e+27
0.35  0.475  2.46427e+27
0.35  0.5  -1.72134e+27
0.35  0.525  1.18028e+27
0.35  0.55  -7.94391e+26
0.35  0.575  5.24809e+26
0.35  0.6  -3.4031e+26
0.35  0.625  2.16592e+26
0.35  0.65  -1.35298e+26
0.35  0.675  8.29478e+25
0.35  0.7  -4.99082e+25
0.35  0.725  2.94697e+25
0.35  0.75  -1.70765e+25
0.35  0.775  9.71019e+24
0.35  0.8  -5.41798e+24
0.35  0.825  2.96619e+24
0.35  0.85  -1.59305e+24
0.35  0.875  8.38784e+23
0.35  0.9  -4.31801e+23
0.35  0.925  2.14775e+23
0.35  0.95  -9.76052e+22
0.35  0.975  2.78945e+22

0.375  0  5.21037e+28
0.375  0.025  -5.16275e+28
0.375  0.05  5.02249e+28
0.375  0.075  -4.79713e+28
0.375  0.1  4.49849e+28
0.375  0.125  -4.14165e+28
0.375  0.15  3.74369e+28
0.375  0.175  -3.32233e+28
0.375  0.2  2.89466e+28
0.375  0.225  -2.47608e+28
0.375  0.25  2.07939e+28
0.375  0.275  -1.71438e+28
0.375  0.3  1.38763e+28
0.375  0.325  -1.10263e+28
0.375  0.35  8.60145e+27
0.375  0.375  -6.58702e+27
0.375  0.4  4.95194e+27
0.375  0.425  -3.65446e+27
0.375  0.45  2.64742e+27
0.375  0.475  -1.88264e+27
0.375  0.5  1.31415e+27
0.375  0.525  -9.00423e+26
0.375  0.55  6.05566e+26
0.375  0.575  -3.9974e+26
0.375  0.6  2.5899e+26
0.375  0.625  -1.64689e+26
0.375  0.65  1.0278e+26
0.375  0.675  -6.29509e+25
0.375  0.7  3.78381e+25
0.375  0.725  -2.2319e+25
0.375  0.75  1.29188e+25
0.375  0.775  -7.33759e+24
0.375  0.8  4.08929e+24
0.375  0.825  -2.23601e+24
0.375  0.85  1.19936e+24
0.375  0.875  -6.30668e+23
0.375  0.9  3.24232e+23
0.375  0.925  -1.61064e+23
0.375  0.95  7.31159e+22
0.375  0.975  -2.08819e+22

0.4  0  -3.93338e+28
0.4  0.025  3.89736e+28
0.4  0.05  -3.79127e+28
0.4  0.075  3.62082e+28
0.4  0.1  -3.39497e+28
0.4  0.125  3.12515e+28
0.4  0.15  -2.82429e+28
0.4  0.175  2.50581e+28
0.4  0.2  -2.18265e+28
0.4  0.225  1.86644e+28
0.4  0.25  -1.56687e+28
0.4  0.275  1.29132e+28
0.4  0.3  -1.04476e+28
0.4  0.325  8.29797e+27
0.4  0.35  -6.46984e+27
0.4  0.375  4.95194e+27
0.4  0.4  -3.72056e+27
0.4  0.425  2.74402e+27
0.4  0.45  -1.98655e+27
0.4  0.475  1.41169e+27
0.4  0.5  -9.84681e+26
0.4  0.525  6.74151e+26
0.4  0.55  -4.53016e+26
0.4  0.575  2.98781e+26
0.4  0.6  -1.93403e+26
0.4  0.625  1.22866e+26
0.4  0.65  -7.66026e+25
0.4  0.675  4.68689e+25
0.4  0.7  -2.81411e+25
0.4  0.725  1.65804e+25
0.4  0.75  -9.58586e+24
0.4  0.775  5.43789e+24
0.4  0.8  -3.02672e+24
0.4  0.825  1.65281e+24
0.4  0.85  -8.85333e+23
0.4  0.875  4.64883e+23
0.4  0.9  -2.3866e+23
0.4  0.925  1.18392e+23
0.4  0.95  -5.36815e+22
0.4  0.975  1.53206e+22

0.425  0  2.91573e+28
0.425  0.025  -2.88897e+28
0.425  0.05  2.81016e+28
0.425  0.075  -2.68356e+28
0.425  0.1  2.51583e+28
0.425  0.125  -2.31547e+28
0.425  0.15  2.09211e+28
0.425  0.175  -1.85572e+28
0.425  0.2  1.61592e+28
0.425  0.225  -1.38135e+28
0.425  0.25  1.1592e+28
0.425  0.275  -9.54952e+27
0.425  0.3  7.72263e+27
0.425  0.325  -6.13062e+27
0.425  0.35  4.77741e+27
0.425  0.375  -3.65446e+27
0.425  0.4  2.74402e+27
0.425  0.425  -2.02244e+27
0.425  0.45  1.46313e+27
0.425  0.475  -1.03896e+27
0.425  0.5  7.24118e+26
0.425  0.525  -4.95346e+26
0.425  0.55  3.3257e+26
0.425  0.575  -2.19139e+26
0.425  0.6  1.41713e+26
0.425  0.625  -8.99364e+25
0.425  0.65  5.60125e+25
0.425  0.675  -3.42329e+25
0.425  0.7  2.05303e+25
0.425  0.725  -1.20816e+25
0.425  0.75  6.97613e+24
0.425  0.775  -3.95226e+24
0.425  0.8  2.19683e+24
0.425  0.825  -1.19794e+24
0.425  0.85  6.40742e+23
0.425  0.875  -3.35944e+23
0.425  0.9  1.72202e+23
0.425  0.925  -8.52986e+22
0.425  0.95  3.86275e+22
0.425  0.975  -1.10158e+22

0.45  0  -2.12229e+28
0.45  0.025  2.10277e+28
0.45  0.05  -2.04528e+28
0.45  0.075  1.95293e+28
0.45  0.1  -1.8306e+28
0.45  0.125  1.6845e+28
0.45  0.15  -1.52165e+28
0.45  0.175  1.34935e+28
0.45  0.2  -1.17462e+28
0.45  0.225  1.00375e+28
0.45  0.25  -8.41992e+27
0.45  0.275  6.93327e+27
0.45  0.3  -5.60417e+27
0.45  0.325  4.44653e+27
0.45  0.35  -3.46307e+27
0.45  0.375  2.64742e+27
0.45  0.4  -1.98655e+27
0.45  0.425  1.46313e+27
0.45  0.45  -1.0577e+27
0.45  0.475  7.50468e+26
0.45  0.5  -5.22611e+26
0.45  0.525  3.57183e+26
0.45  0.55  -2.39584e+26
0.45  0.575  1.57713e+26
0.45  0.6  -1.01884e+26
0.45  0.625  6.45898e+25
0.45  0.65  -4.01811e+25
0.45  0.675  2.45283e+25
0.45  0.7  -1.46921e+25
0.45  0.725  8.63484e+24
0.45  0.75  -4.97922e+24
0.45  0.775  2.817e+24
0.45  0.8  -1.56354e+24
0.45  0.825  8.51324e+23
0.45  0.85  -4.54639e+23
0.45  0.875  2.37987e+23
0.45  0.9  -1.21793e+23
0.45  0.925  6.02338e+22
0.45  0.95  -2.72403e+22
0.45  0.975  7.7621e+21

0.475  0  1.51681e+28
0.475  0.025  -1.50283e+28
0.475  0.05  1.46164e+28
0.475  0.075  -1.39549e+28
0.475  0.1  1.30788e+28
0.475  0.125  -1.20325e+28
0.475  0.15  1.08667e+28
0.475  0.175  -9.63342e+27
0.475  0.2  8.38315e+27
0.475  0.225  -7.16097e+27
0.475  0.25  6.00441e+27
0.475  0.275  -4.94194e+27
0.475  0.3  3.99252e+27
0.475  0.325  -3.16601e+27
0.475  0.35  2.46427e+27
0.475  0.375  -1.88264e+27
0.475  0.4  1.41169e+27
0.475  0.425  -1.03896e+27
0.475  0.45  7.50468e+26
0.475  0.475  -5.32027e+26
0.475  0.5  3.70161e+26
0.475  0.525  -2.52751e+26
0.475  0.55  1.69367e+26
0.475  0.575  -1.11374e+26
0.475  0.6  7.18703e+25
0.475  0.625  -4.551e+25
0.475  0.65  2.82776e+25
0.475  0.675  -1.72402e+25
0.475  0.7  1.03131e+25
0.475  0.725  -6.05296e+24
0.475  0.75  3.48544e+24
0.475  0.775  -1.96898e+24
0.475  0.8  1.09118e+24
0.475  0.825  -5.93183e+23
0.475  0.85  3.16259e+23
0.475  0.875  -1.65269e+23
0.475  0.9  8.44321e+22
0.475  0.925  -4.16871e+22
0.475  0.95  1.88258e+22
0.475  0.975  -5.35975e+21

0.5  0  -1.06443e+28
0.5  0.025  1.05459e+28
0.5  0.05  -1.02562e+28
0.5  0.075  9.7909e+27
0.5  0.1  -9.17468e+27
0.5  0.125  8.43898e+27
0.5  0.15  -7.61933e+27
0.5  0.175  6.75256e+27
0.5  0.2  -5.87411e+27
0.5  0.225  5.01572e+27
0.5  0.25  -4.20375e+27
0.5  0.275  3.45819e+27
0.5  0.3  -2.7923e+27
0.5  0.325  2.21294e+27
0.5  0.35  -1.72134e+27
0.5  0.375  1.31415e+27
0.5  0.4  -9.84681e+26
0.5  0.425  7.24118e+26
0.5  0.45  -5.22611e+26
0.5  0.475  3.70161e+26
0.5  0.5  -2.57299e+26
0.5  0.525  1.75512e+26
0.5  0.55  -1.17486e+26
0.5  0.575  7.71723e+25
0.5  0.6  -4.97418e+25
0.5  0.625  3.14594e+25
0.5  0.65  -1.95225e+25
0.5  0.675  1.18866e+25
0.5  0.7  -7.10073e+24
0.5  0.725  4.16153e+24
0.5  0.75  -2.39271e+24
0.5  0.775  1.34956e+24
0.5  0.8  -7.46692e+23
0.5  0.825  4.05229e+23
0.5  0.85  -2.15673e+23
0.5  0.875  1.12502e+23
0.5  0.9  -5.73697e+22
0.5  0.925  2.82753e+22
0.5  0.95  -1.27497e+22
0.5  0.975  3.62656e+21

0.525  0  7.33425e+27
0.525  0.025  -7.26628e+27
0.525  0.05  7.06614e+27
0.525  0.075  -6.74473e+27
0.525  0.1  6.31914e+27
0.525  0.125  -5.81112e+27
0.525  0.15  5.24528e+27
0.525  0.175  -4.64709e+27
0.525  0.2  4.04104e+27
0.525  0.225  -3.44906e+27
0.525  0.25  2.88934e+27
0.525  0.275  -2.37565e+27
0.525  0.3  1.91711e+27
0.525  0.325  -1.51839e+27
0.525  0.35  1.18028e+27
0.525  0.375  -9.00423e+26
0.525  0.4  6.74151e+26
0.525  0.425  -4.95346e+26
0.525  0.45  3.57183e+26
0.525  0.475  -2.52751e+26
0.525  0.5  1.75512e+26
0.525  0.525  -1.19596e+26
0.525  0.55  7.99676e+25
0.525  0.575  -5.24666e+25
0.525  0.6  3.37762e+25
0.525  0.625  -2.13345e+25
0.525  0.65  1.32216e+25
0.525  0.675  -8.03893e+24
0.525  0.7  4.79521e+24
0.525  0.725  -2.80605e+24
0.525  0.75  1.6108e+24
0.525  0.775  -9.07043e+23
0.525  0.8  5.00991e+23
0.525  0.825  -2.71403e+23
0.525  0.85  1.4418e+23
0.525  0.875  -7.5066e+22
0.525  0.9  3.82057e+22
0.525  0.925  -1.87949e+22
0.525  0.95  8.46129e+21
0.525  0.975  -2.40441e+21

0.55  0  -4.96176e+27
0.55  0.025  4.91565e+27
0.55  0.05  -4.77988e+27
0.55  0.075  4.56187e+27
0.55  0.1  -4.27324e+27
0.55  0.125  3.92878e+27
0.55  0.15  -3.54521e+27
0.55  0.175  3.13984e+27
0.55  0.2  -2.72929e+27
0.55  0.225  2.32843e+27
0.55  0.25  -1.9496e+27
0.55  0.275  1.6021e+27
0.55  0.3  -1.29209e+27
0.55  0.325  1.02269e+27
0.55  0.35  -7.94391e+26
0.55  0.375  6.05566e+26
0.55  0.4  -4.53016e+26
0.55  0.425  3.3257e+26
0.55  0.45  -2.39584e+26
0.55  0.475  1.69367e+26
0.55  0.5  -1.17486e+26
0.55  0.525  7.99676e+25
0.55  0.55  -5.34075e+25
0.55  0.575  3.49976e+25
0.55  0.6  -2.25012e+25
0.55  0.625  1.41935e+25
0.55  0.65  -8.78371e+24
0.55  0.675  5.33274e+24
0.55  0.7  -3.17607e+24
0.55  0.725  1.85558e+24
0.55  0.75  -1.06341e+24
0.55  0.775  5.97762e+23
0.55  0.8  -3.29567e+23
0.55  0.825  1.78202e+23
0.55  0.85  -9.4484e+22
0.55  0.875  4.90935e+22
0.55  0.9  -2.49358e+22
0.55  0.925  1.22427e+22
0.55  0.95  -5.50223e+21
0.55  0.975  1.56194e+21

0.575  0  3.2957e+27
0.575  0.025  -3.26499e+27
0.575  0.05  3.17455e+27
0.575  0.075  -3.02934e+27
0.575  0.1  2.83713e+27
0.575  0.125  -2.6078e+27
0.575  0.15  2.35249e+27
0.575  0.175  -2.08275e+27
0.575  0.2  1.80968e+27
0.575  0.225  -1.54316e+27
0.575  0.25  1.29142e+27
0.575  0.275  -1.06062e+27
0.575  0.3  8.54841e+26
0.575  0.325  -6.76137e+26
0.575  0.35  5.24809e+26
0.575  0.375  -3.9974e+26
0.575  0.4  2.98781e+26
0.575  0.425  -2.19139e+26
0.575  0.45  1.57713e+26
0.575  0.475  -1.11374e+26
0.575  0.5  7.71723e+25
0.575  0.525  -5.24666e+25
0.575  0.55  3.49976e+25
0.575  0.575  -2.2904e+25
0.575  0.6  1.47059e+25
0.575  0.625  -9.26315e+24
0.575  0.65  5.72401e+24
0.575  0.675  -3.46974e+24
0.575  0.7  2.06316e+24
0.575  0.725  -1.20334e+24
0.575  0.75  6.88405e+23
0.575  0.775  -3.86258e+23
0.575  0.8  2.12553e+23
0.575  0.825  -1.14703e+23
0.575  0.85  6.06921e+22
0.575  0.875  -3.14688e+22
0.575  0.9  1.59496e+22
0.575  0.925  -7.81446e+21
0.575  0.95  3.50579e+21
0.575  0.975  -9.94125e+20

0.6  0  -2.14922e+27
0.6  0.025  2.12913e+27
0.6  0.05  -2.06998e+27
0.6  0.075  1.97502e+27
0.6  0.1  -1.84933e+27
0.6  0.125  1.6994e+27
0.6  0.15  -1.53254e+27
0.6  0.175  1.35632e+27
0.6  0.2  -1.17798e+27
0.6  0.225  1.004e+27
0.6  0.25  -8.39754e+26
0.6  0.275  6.89257e+26
0.6  0.3  -5.55157e+26
0.6  0.325  4.38783e+26
0.6  0.35  -3.4031e+26
0.6  0.375  2.5899e+26
0.6  0.4  -1.93403e+26
0.6  0.425  1.41713e+26
0.6  0.45  -1.01884e+26
0.6  0.475  7.18703e+25
0.6  0.5  -4.97418e+25
0.6  0.525  3.37762e+25
0.6  0.55  -2.25012e+25
0.6  0.575  1.47059e+25
0.6  0.6  -9.42869e+24
0.6  0.625  5.93023e+24
0.6  0.65  -3.65877e+24
0.6  0.675  2.21424e+24
0.6  0.7  -1.31438e+24
0.6  0.725  7.65255e+23
0.6  0.75  -4.36977e+23
0.6  0.775  2.44713e+23
0.6  0.8  -1.34393e+23
0.6  0.825  7.23746e+22
0.6  0.85  -3.82127e+22
0.6  0.875  1.97694e+22
0.6  0.9  -9.99732e+21
0.6  0.925  4.88746e+21
0.6  0.95  -2.18854e+21
0.6  0.975  6.19889e+20

0.625  0  1.37602e+27
0.625  0.025  -1.36312e+27
0.625  0.05  1.32513e+27
0.625  0.075  -1.26415e+27
0.625  0.1  1.18345e+27
0.625  0.125  -1.08721e+27
0.625  0.15  9.80138e+26
0.625  0.175  -8.67093e+26
0.625  0.2  7.5274e+26
0.625  0.225  -6.4124e+26
0.625  0.25  5.36029e+26
0.625  0.275  -4.39684e+26
0.625  0.3  3.53893e+26
0.625  0.325  -2.79496e+26
0.625  0.35  2.16592e+26
0.625  0.375  -1.64689e+26
0.625  0.4  1.22866e+26
0.625  0.425  -8.99364e+25
0.625  0.45  6.45898e+25
0.625  0.475  -4.551e+25
0.625  0.5  3.14594e+25
0.625  0.525  -2.13345e+25
0.625  0.55  1.41935e+25
0.625  0.575  -9.26315e+24
0.625  0.6  5.93023e+24
0.625  0.625  -3.72403e+24
0.625  0.65  2.29386e+24
0.625  0.675  -1.38584e+24
0.625  0.7  8.21176e+23
0.625  0.725  -4.77214e+23
0.625  0.75  2.71972e+23
0.625  0.775  -1.52002e+23
0.625  0.8  8.33026e+22
0.625  0.825  -4.47633e+22
0.625  0.85  2.35811e+22
0.625  0.875  -1.21714e+22
0.625  0.9  6.14049e+21
0.625  0.925  -2.99506e+21
0.625  0.95  1.3385e+21
0.625  0.975  -3.78667e+20

0.65  0  -8.64907e+26
0.65  0.025  8.56769e+26
0.65  0.05  -8.32812e+26
0.65  0.075  7.94362e+26
0.65  0.1  -7.43491e+26
0.65  0.125  6.82837e+26
0.65  0.15  -6.15375e+26
0.65  0.175  5.44177e+26
0.65  0.2  -4.72187e+26
0.65  0.225  4.02028e+26
0.65  0.25  -3.35863e+26
0.65  0.275  2.75313e+26
0.65  0.3  -2.21432e+26
0.65  0.325  1.74742e+26
0.65  0.35  -1.35298e+26
0.65  0.375  1.0278e+26
0.65  0.4  -7.66026e+25
0.65  0.425  5.60125e+25
0.65  0.45  -4.01811e+25
0.65  0.475  2.82776e+25
0.65  0.5  -1.95225e+25
0.65  0.525  1.32216e+25
0.65  0.55  -8.78371e+24
0.65  0.575  5.72401e+24
0.65  0.6  -3.65877e+24
0.65  0.625  2.29386e+24
0.65  0.65  -1.41051e+24
0.65  0.675  8.50643e+23
0.65  0.7  -5.03106e+23
0.65  0.725  2.91804e+23
0.65  0.75  -1.65967e+23
0.65  0.775  9.25613e+22
0.65  0.8  -5.0616e+22
0.65  0.825  2.7137e+22
0.65  0.85  -1.42619e+22
0.65  0.875  7.34336e+21
0.65  0.9  -3.69559e+21
0.65  0.925  1.79821e+21
0.65  0.95  -8.01963e+20
0.65  0.975  2.26592e+20

0.675  0  5.33702e+26
0.675  0.025  -5.28664e+26
0.675  0.05  5.13831e+26
0.675  0.075  -4.90027e+26
0.675  0.1  4.58541e+26
0.675  0.125  -4.21009e+26
0.675  0.15  3.79277e+26
0.675  0.175  -3.35252e+26
0.675  0.2  2.90757e+26
0.675  0.225  -2.47417e+26
0.675  0.25  2.06568e+26
0.675  0.275  -1.6921e+26
0.675  0.3  1.3599e+26
0.675  0.325  -1.07227e+26
0.675  0.35  8.29478e+25
0.675  0.375  -6.29509e+25
0.675  0.4  4.68689e+25
0.675  0.425  -3.42329e+25
0.675  0.45  2.45283e+25
0.675  0.475  -1.72402e+25
0.675  0.5  1.18866e+25
0.675  0.525  -8.03893e+24
0.675  0.55  5.33274e+24
0.675  0.575  -3.46974e+24
0.675  0.6  2.21424e+24
0.675  0.625  -1.38584e+24
0.675  0.65  8.50643e+23
0.675  0.675  -5.12043e+23
0.675  0.7  3.02253e+23
0.675  0.725  -1.74952e+23
0.675  0.75  9.92957e+22
0.675  0.775  -5.52561e+22
0.675  0.8  3.01468e+22
0.675  0.825  -1.61243e+22
0.675  0.85  8.45329e+21
0.675  0.875  -4.34146e+21
0.675  0.9  2.17922e+21
0.675  0.925  -1.0577e+21
0.675  0.95  4.70688e+20
0.675  0.975  -1.32815e+20

0.7  0  -3.23298e+26
0.7  0.025  3.20235e+26
0.7  0.05  -3.11218e+26
0.7  0.075  2.9675e+26
0.7  0.1  -2.77616e+26
0.7  0.125  2.54814e+26
0.7  0.15  -2.2947e+26
0.7  0.175  2.02743e+26
0.7  0.2  -1.75745e+26
0.7  0.225  1.49461e+26
0.7  0.25  -1.24703e+26
0.7  0.275  1.02076e+26
0.7  0.3  -8.19709e+25
0.7  0.325  6.45771e+25
0.7  0.35  -4.99082e+25
0.7  0.375  3.78381e+25
0.7  0.4  -2.81411e+25
0.7  0.425  2.05303e+25
0.7  0.45  -1.46921e+25
0.7  0.475  1.03131e+25
0.7  0.5  -7.10073e+24
0.7  0.525  4.79521e+24
0.7  0.55  -3.17607e+24
0.7  0.575  2.06316e+24
0.7  0.6  -1.31438e+24
0.7  0.625  8.21176e+23
0.7  0.65  -5.03106e+23
0.7  0.675  3.02253e+23
0.7  0.7  -1.78054e+23
0.7  0.725  1.02844e+23
0.7  0.75  -5.82408e+22
0.7  0.775  3.23353e+22
0.7  0.8  -1.75994e+22
0.7  0.825  9.38983e+21
0.7  0.85  -4.91001e+21
0.7  0.875  2.51499e+21
0.7  0.9  -1.259e+21
0.7  0.925  6.09456e+20
0.7  0.95  -2.70598e+20
0.7  0.975  7.62494e+19

0.725  0  1.9225e+26
0.725  0.025  -1.90422e+26
0.725  0.05  1.8504e+26
0.725  0.075  -1.76407e+26
0.725  0.1  1.64991e+26
0.725  0.125  -1.51391e+26
0.725  0.15  1.3628e+26
0.725  0.175  -1.20351e+26
0.725  0.2  1.04269e+26
0.725  0.225  -8.86205e+25
0.725  0.25  7.38902e+25
0.725  0.275  -6.04373e+25
0.725  0.3  4.84933e+25
0.725  0.325  -3.81687e+25
0.725  0.35  2.94697e+25
0.725  0.375  -2.2319e+25
0.725  0.4  1.65804e+25
0.725  0.425  -1.20816e+25
0.725  0.45  8.63484e+24
0.725  0.475  -6.05296e+24
0.725  0.5  4.16153e+24
0.725  0.525  -2.80605e+24
0.725  0.55  1.85558e+24
0.725  0.575  -1.20334e+24
0.725  0.6  7.65255e+23
0.725  0.625  -4.77214e+23
0.725  0.65  2.91804e+23
0.725  0.675  -1.74952e+23
0.725  0.7  1.02844e+23
0.725  0.725  -5.92709e+22
0.725  0.75  3.3488e+22
0.725  0.775  -1.8548e+22
0.725  0.8  1.00701e+22
0.725  0.825  -5.35878e+21
0.725  0.85  2.79461e+21
0.725  0.875  -1.42748e+21
0.725  0.9  7.12576e+20
0.725  0.925  -3.43994e+20
0.725  0.95  1.5237e+20
0.725  0.975  -4.28726e+19

0.75  0  -1.12222e+26
0.75  0.025  1.1115e+26
0.75  0.05  -1.07997e+26
0.75  0.075  1.02939e+26
0.75  0.1  -9.62528e+25
0.75  0.125  8.82893e+25
0.75  0.15  -7.94442e+25
0.75  0.175  7.01247e+25
0.75  0.2  -6.07199e+25
0.75  0.225  5.15746e+25
0.75  0.25  -4.29715e+25
0.75  0.275  3.51202e+25
0.75  0.3  -2.81551e+25
0.75  0.325  2.21399e+25
0.75  0.35  -1.70765e+25
0.75  0.375  1.29188e+25
0.75  0.4  -9.58586e+24
0.75  0.425  6.97613e+24
0.75  0.45  -4.97922e+24
0.75  0.475  3.48544e+24
0.75  0.5  -2.39271e+24
0.75  0.525  1.6108e+24
0.75  0.55  -1.06341e+24
0.75  0.575  6.88405e+23
0.75  0.6  -4.36977e+23
0.75  0.625  2.71972e+23
0.75  0.65  -1.65967e+23
0.75  0.675  9.92957e+22
0.75  0.7  -5.82408e+22
0.75  0.725  3.3488e+22
0.75  0.75  -1.88753e+22
0.75  0.775  1.04283e+22
0.75  0.8  -5.64703e+21
0.75  0.825  2.99694e+21
0.75  0.85  -1.55853e+21
0.75  0.875  7.93792e+20
0.75  0.9  -3.95083e+20
0.75  0.925  1.90177e+20
0.75  0.95  -8.40288e+19
0.75  0.975  2.36073e+19

0.775  0  6.4301e+25
0.775  0.025  -6.36847e+25
0.775  0.05  6.18709e+25
0.775  0.075  -5.89618e+25
0.775  0.1  5.51171e+25
0.775  0.125  -5.05394e+25
0.775  0.15  4.54569e+25
0.775  0.175  -4.01042e+25
0.775  0.2  3.47055e+25
0.775  0.225  -2.94589e+25
0.775  0.25  2.45267e+25
0.775  0.275  -2.0029e+25
0.775  0.3  1.60425e+25
0.775  0.325  -1.26027e+25
0.775  0.35  9.71019e+24
0.775  0.375  -7.33759e+24
0.775  0.4  5.43789e+24
0.775  0.425  -3.95226e+24
0.775  0.45  2.817e+24
0.775  0.475  -1.96898e+24
0.775  0.5  1.34956e+24
0.775  0.525  -9.07043e+23
0.775  0.55  5.97762e+23
0.775  0.575  -3.86258e+23
0.775  0.6  2.44713e+23
0.775  0.625  -1.52002e+23
0.775  0.65  9.25613e+22
0.775  0.675  -5.52561e+22
0.775  0.7  3.23353e+22
0.775  0.725  -1.8548e+22
0.775  0.75  1.04283e+22
0.775  0.775  -5.74647e+21
0.775  0.8  3.10336e+21
0.775  0.825  -1.64235e+21
0.775  0.85  8.516e+20
0.775  0.875  -4.32431e+20
0.775  0.9  2.14567e+20
0.775  0.925  -1.02975e+20
0.775  0.95  4.53808e+19
0.775  0.975  -1.27291e+19

0.8  0  -3.61635e+25
0.8  0.025  3.58154e+25
0.8  0.05  -3.47912e+25
0.8  0.075  3.31487e+25
0.8  0.1  -3.09785e+25
0.8  0.125  2.83954e+25
0.8  0.15  -2.55285e+25
0.8  0.175  2.25107e+25
0.8  0.2  -1.94686e+25
0.8  0.225  1.65141e+25
0.8  0.25  -1.37387e+25
0.8  0.275  1.12098e+25
0.8  0.3  -8.97019e+24
0.8  0.325  7.03967e+24
0.8  0.35  -5.41798e+24
0.8  0.375  4.08929e+24
0.8  0.4  -3.02672e+24
0.8  0.425  2.19683e+24
0.8  0.45  -1.56354e+24
0.8  0.475  1.09118e+24
0.8  0.5  -7.46692e+23
0.8  0.525  5.00991e+23
0.8  0.55  -3.29567e+23
0.8  0.575  2.12553e+23
0.8  0.6  -1.34393e+23
0.8  0.625  8.33026e+22
0.8  0.65  -5.0616e+22
0.8  0.675  3.01468e+22
0.8  0.7  -1.75994e+22
0.8  0.725  1.00701e+22
0.8  0.75  -5.64703e+21
0.8  0.775  3.10336e+21
0.8  0.8  -1.67123e+21
0.8  0.825  8.81861e+20
0.8  0.85  -4.55879e+20
0.8  0.875  2.30764e+20
0.8  0.9  -1.14137e+20
0.8  0.925  5.46053e+19
0.8  0.95  -2.39993e+19
0.8  0.975  6.72049e+18

0.825  0  1.9962e+25
0.825  0.025  -1.9769e+25
0.825  0.05  1.92013e+25
0.825  0.075  -1.8291e+25
0.825  0.1  1.70885e+25
0.825  0.125  -1.56577e+25
0.825  0.15  1.40704e+25
0.825  0.175  -1.24004e+25
0.825  0.2  1.07179e+25
0.825  0.225  -9.08491e+24
0.825  0.25  7.55204e+24
0.825  0.275  -6.15649e+24
0.825  0.3  4.92173e+24
0.825  0.325  -3.85842e+24
0.825  0.35  2.96619e+24
0.825  0.375  -2.23601e+24
0.825  0.4  1.65281e+24
0.825  0.425  -1.19794e+24
0.825  0.45  8.51324e+23
0.825  0.475  -5.93183e+23
0.825  0.5  4.05229e+23
0.825  0.525  -2.71403e+23
0.825  0.55  1.78202e+23
0.825  0.575  -1.14703e+23
0.825  0.6  7.23746e+22
0.825  0.625  -4.47633e+22
0.825  0.65  2.7137e+22
0.825  0.675  -1.61243e+22
0.825  0.7  9.38983e+21
0.825  0.725  -5.35878e+21
0.825  0.75  2.99694e+21
0.825  0.775  -1.64235e+21
0.825  0.8  8.81861e+20
0.825  0.825  -4.63917e+20
0.825  0.85  2.39066e+20
0.825  0.875  -1.2062e+20
0.825  0.9  5.94607e+19
0.825  0.925  -2.83547e+19
0.825  0.95  1.24269e+19
0.825  0.975  -3.47383e+18

0.85  0  -1.08127e+25
0.85  0.025  1.07077e+25
0.85  0.05  -1.03988e+25
0.85  0.075  9.90372e+24
0.85  0.1  -9.24986e+24
0.85  0.125  8.47211e+24
0.85  0.15  -7.60964e+24
0.85  0.175  6.70268e+24
0.85  0.2  -5.78949e+24
0.85  0.225  4.90379e+24
0.85  0.25  -4.07303e+24
0.85  0.275  3.31733e+24
0.85  0.3  -2.64934e+24
0.85  0.325  2.0747e+24
0.85  0.35  -1.59305e+24
0.85  0.375  1.19936e+24
0.85  0.4  -8.85333e+23
0.85  0.425  6.40742e+23
0.85  0.45  -4.54639e+23
0.85  0.475  3.16259e+23
0.85  0.5  -2.15673e+23
0.85  0.525  1.4418e+23
0.85  0.55  -9.4484e+22
0.85  0.575  6.06921e+22
0.85  0.6  -3.82127e+22
0.85  0.625  2.35811e+22
0.85  0.65  -1.42619e+22
0.85  0.675  8.45329e+21
0.85  0.7  -4.91001e+21
0.85  0.725  2.79461e+21
0.85  0.75  -1.55853e+21
0.85  0.775  8.516e+20
0.85  0.8  -4.55879e+20
0.85  0.825  2.39066e+20
0.85  0.85  -1.22792e+20
0.85  0.875  6.17447e+19
0.85  0.9  -3.03327e+19
0.85  0.925  1.44157e+19
0.85  0.95  -6.2993e+18
0.85  0.975  1.75773e+18

0.875  0  5.74325e+24
0.875  0.025  -5.68724e+24
0.875  0.05  5.52247e+24
0.875  0.075  -5.25837e+24
0.875  0.1  4.90967e+24
0.875  0.125  -4.49506e+24
0.875  0.15  4.03549e+24
0.875  0.175  -3.55247e+24
0.875  0.2  3.06642e+24
0.875  0.225  -2.59534e+24
0.875  0.25  2.15383e+24
0.875  0.275  -1.75257e+24
0.875  0.3  1.39822e+24
0.875  0.325  -1.09372e+24
0.875  0.35  8.38784e+23
0.875  0.375  -6.30668e+23
0.875  0.4  4.64883e+23
0.875  0.425  -3.35944e+23
0.875  0.45  2.37987e+23
0.875  0.475  -1.65269e+23
0.875  0.5  1.12502e+23
0.875  0.525  -7.5066e+22
0.875  0.55  4.90935e+22
0.875  0.575  -3.14688e+22
0.875  0.6  1.97694e+22
0.875  0.625  -1.21714e+22
0.875  0.65  7.34336e+21
0.875  0.675  -4.34146e+21
0.875  0.7  2.51499e+21
0.875  0.725  -1.42748e+21
0.875  0.75  7.93792e+20
0.875  0.775  -4.32431e+20
0.875  0.8  2.30764e+20
0.875  0.825  -1.2062e+20
0.875  0.85  6.17447e+19
0.875  0.875  -3.0939e+19
0.875  0.9  1.51448e+19
0.875  0.925  -7.17245e+18
0.875  0.95  3.12462e+18
0.875  0.975  -8.70237e+17

0.9  0  -2.98292e+24
0.9  0.025  2.9537e+24
0.9  0.05  -2.86773e+24
0.9  0.075  2.72998e+24
0.9  0.1  -2.54815e+24
0.9  0.125  2.33203e+24
0.9  0.15  -2.09257e+24
0.9  0.175  1.84103e+24
0.9  0.2  -1.58807e+24
0.9  0.225  1.34307e+24
0.9  0.25  -1.11364e+24
0.9  0.275  9.05302e+23
0.9  0.3  -7.21507e+23
0.9  0.325  5.63734e+23
0.9  0.35  -4.31801e+23
0.9  0.375  3.24232e+23
0.9  0.4  -2.3866e+23
0.9  0.425  1.72202e+23
0.9  0.45  -1.21793e+23
0.9  0.475  8.44321e+22
0.9  0.5  -5.73697e+22
0.9  0.525  3.82057e+22
0.9  0.55  -2.49358e+22
0.9  0.575  1.59496e+22
0.9  0.6  -9.99732e+21
0.9  0.625  6.14049e+21
0.9  0.65  -3.69559e+21
0.9  0.675  2.17922e+21
0.9  0.7  -1.259e+21
0.9  0.725  7.12576e+20
0.9  0.75  -3.95083e+20
0.9  0.775  2.14567e+20
0.9  0.8  -1.14137e+20
0.9  0.825  5.94607e+19
0.9  0.85  -3.03327e+19
0.9  0.875  1.51448e+19
0.9  0.9  -7.38646e+18
0.9  0.925  3.48562e+18
0.9  0.95  -1.51374e+18
0.9  0.975  4.20775e+17

0.925  0  1.49643e+24
0.925  0.025  -1.48171e+24
0.925  0.05  1.4384e+24
0.925  0.075  -1.36901e+24
0.925  0.1  1.27744e+24
0.925  0.125  -1.16864e+24
0.925  0.15  1.04814e+24
0.925  0.175  -9.2163e+23
0.925  0.2  7.94479e+23
0.925  0.225  -6.71416e+23
0.925  0.25  5.56258e+23
0.925  0.275  -4.51781e+23
0.925  0.3  3.59697e+23
0.925  0.325  -2.80733e+23
0.925  0.35  2.14775e+23
0.925  0.375  -1.61064e+23
0.925  0.4  1.18392e+23
0.925  0.425  -8.52986e+22
0.925  0.45  6.02338e+22
0.925  0.475  -4.16871e+22
0.925  0.5  2.82753e+22
0.925  0.525  -1.87949e+22
0.925  0.55  1.22427e+22
0.925  0.575  -7.81446e+21
0.925  0.6  4.88746e+21
0.925  0.625  -2.99506e+21
0.925  0.65  1.79821e+21
0.925  0.675  -1.0577e+21
0.925  0.7  6.09456e+20
0.925  0.725  -3.43994e+20
0.925  0.75  1.90177e+20
0.925  0.775  -1.02975e+20
0.925  0.8  5.46053e+19
0.925  0.825  -2.83547e+19
0.925  0.85  1.44157e+19
0.925  0.875  -7.17245e+18
0.925  0.9  3.48562e+18
0.925  0.925  -1.63905e+18
0.925  0.95  7.09613e+17
0.925  0.975  -1.96875e+17

0.95  0  -6.8502e+23
0.95  0.025  6.78255e+23
0.95  0.05  -6.58359e+23
0.95  0.075  6.26485e+23
0.95  0.1  -5.84432e+23
0.95  0.125  5.34479e+23
0.95  0.15  -4.79176e+23
0.95  0.175  4.21137e+23
0.95  0.2  -3.62835e+23
0.95  0.225  3.0644e+23
0.95  0.25  -2.53702e+23
0.95  0.275  2.05891e+23
0.95  0.3  -1.63785e+23
0.95  0.325  1.27709e+23
0.95  0.35  -9.76052e+22
0.95  0.375  7.31159e+22
0.95  0.4  -5.36815e+22
0.95  0.425  3.86275e+22
0.95  0.45  -2.72403e+22
0.95  0.475  1.88258e+22
0.95  0.5  -1.27497e+22
0.95  0.525  8.46129e+21
0.95  0.55  -5.50223e+21
0.95  0.575  3.50579e+21
0.95  0.6  -2.18854e+21
0.95  0.625  1.3385e+21
0.95  0.65  -8.01963e+20
0.95  0.675  4.70688e+20
0.95  0.7  -2.70598e+20
0.95  0.725  1.5237e+20
0.95  0.75  -8.40288e+19
0.95  0.775  4.53808e+19
0.95  0.8  -2.39993e+19
0.95  0.825  1.24269e+19
0.95  0.85  -6.2993e+18
0.95  0.875  3.12462e+18
0.95  0.9  -1.51374e+18
0.95  0.925  7.09613e+17
0.95  0.95  -3.0639e+17
0.95  0.975  8.48618e+16

0.975  0  1.9663e+23
0.975  0.025  -1.94684e+23
0.975  0.05  1.8896e+23
0.975  0.075  -1.79792e+23
0.975  0.1  1.67698e+23
0.975  0.125  -1.53334e+23
0.975  0.15  1.37435e+23
0.975  0.175  -1.20754e+23
0.975  0.2  1.04002e+23
0.975  0.225  -8.78039e+22
0.975  0.25  7.26622e+22
0.975  0.275  -5.8941e+22
0.975  0.3  4.68629e+22
0.975  0.325  -3.65203e+22
0.975  0.35  2.78945e+22
0.975  0.375  -2.08819e+22
0.975  0.4  1.53206e+22
0.975  0.425  -1.10158e+22
0.975  0.45  7.7621e+21
0.975  0.475  -5.35975e+21
0.975  0.5  3.62656e+21
0.975  0.525  -2.40441e+21
0.975  0.55  1.56194e+21
0.975  0.575  -9.94125e+20
0.975  0.6  6.19889e+20
0.975  0.625  -3.78667e+20
0.975  0.65  2.26592e+20
0.975  0.675  -1.32815e+20
0.975  0.7  7.62494e+19
0.975  0.725  -4.28726e+19
0.975  0.75  2.36073e+19
0.975  0.775  -1.27291e+19
0.975  0.8  6.72049e+18
0.975  0.825  -3.47383e+18
0.975  0.85  1.75773e+18
0.975  0.875  -8.70237e+17
0.975  0.9  4.20775e+17
0.975  0.925  -1.96875e+17
0.975  0.95  8.48618e+16
0.975  0.975  -2.34799e+16


